P[Pa]	dP[Pa]	T[K]	dT[K]	V_cell[m^3]	dV_cell[m^3]
260000000	30000000	250.5	0.5	3.09168e-28	5e-33
350000000	30000000	250.5	0.5	3.06188e-28	5e-33
480000000	30000000	250.5	0.5	3.03449e-28	5e-33
480000000	30000000	250.5	0.5	3.032e-28	5e-33
400000000	30000000	250.5	0.5	3.0483e-28	5e-33
320000000	30000000	250.5	0.5	3.07266e-28	5e-33
289000000	30000000	250.5	0.5	3.08127e-28	5e-33
220000000	30000000	250.5	0.5	3.1061e-28	5e-33
260000000	30000000	245.5	0.5	3.08534e-28	5e-33
260000000	30000000	245.5	0.5	3.0863e-28	5e-33
300000000	30000000	245.5	0.5	3.0775e-28	5e-33
340000000	30000000	245.5	0.5	3.06526e-28	5e-33
340000000	30000000	245.5	0.5	3.0662e-28	5e-33
410000000	30000000	245.5	0.5	3.0446e-28	5e-33
410000000	30000000	245.5	0.5	3.0439e-28	5e-33
390000000	30000000	240.5	0.5	3.04424e-28	5e-33
390000000	30000000	240.5	0.5	3.0479e-28	5e-33
340000000	30000000	240.5	0.5	3.0579e-28	5e-33
340000000	30000000	240.5	0.5	3.0561e-28	5e-33
320000000	30000000	240.5	0.5	3.06319e-28	5e-33
290000000	30000000	240.5	0.5	3.06909e-28	5e-33
260000000	30000000	240.5	0.5	3.08303e-28	5e-33
260000000	30000000	240.5	0.5	3.0811e-28	5e-33
220000000	30000000	240.5	0.5	3.09277e-28	5e-33
210000000	30000000	240.5	0.5	3.10157e-28	5e-33
230000000	30000000	252.5	0.5	3.10055e-28	5e-33
