P[Pa]	dP[Pa]	T[K]	dT[K]	V_cell[m^3]	dV_cell[m^3]
689000000	30000000	242.3	0.5	6.54867e-28	5e-33
562000000	30000000	242.3	0.5	6.60141e-28	5e-33
531000000	30000000	242.3	0.5	6.62162e-28	5e-33
496000000	30000000	242.3	0.5	6.63845e-28	5e-33
421000000	30000000	242.3	0.5	6.67471e-28	5e-33
506000000	30000000	262.3	0.5	6.65551e-28	5e-33
538000000	30000000	262.3	0.5	6.63699e-28	5e-33
548000000	30000000	262.3	0.5	6.63103e-28	5e-33
500000000	30000000	252.3	0.5	6.64129e-28	5e-33
566000000	30000000	252.3	0.5	6.60269e-28	5e-33
578000000	30000000	249.3	0.5	6.60479e-28	5e-33
581000000	30000000	243.3	0.5	6.59901e-28	5e-33
583000000	30000000	237.3	0.5	6.59206e-28	5e-33
581000000	30000000	232.3	0.5	6.59638e-28	5e-33
603000000	30000000	222.3	0.5	6.58473e-28	5e-33
647000000	30000000	222.3	0.5	6.56677e-28	5e-33
704000000	30000000	222.3	0.5	6.54532e-28	5e-33
779000000	30000000	222.3	0.5	6.5185e-28	5e-33
