P[Pa]	dP[Pa]	T[K]	dT[K]	V_cell[m^3]	dV_cell[m^3]
1007000000	30000000	242.3	0.5	2.18895e-28	5e-33
1537000000	30000000	242.3	0.5	2.14056e-28	5e-33
1351000000	30000000	242.3	0.5	2.15042e-28	5e-33
1217000000	30000000	242.3	0.5	2.16174e-28	5e-33
1094000000	30000000	242.3	0.5	2.17336e-28	5e-33
913000000	30000000	242.3	0.5	2.1973e-28	5e-33
746000000	30000000	242.3	0.5	2.21642e-28	5e-33
706000000	30000000	262.3	0.5	2.22595e-28	5e-33
889000000	30000000	262.3	0.5	2.20434e-28	5e-33
1041000000	30000000	262.3	0.5	2.18331e-28	5e-33
1216000000	30000000	262.3	0.5	2.16399e-28	5e-33
1452000000	30000000	262.3	0.5	2.14312e-28	5e-33
476000000	30000000	262.3	0.5	2.24652e-28	5e-33
726000000	30000000	262.3	0.5	2.21252e-28	5e-33
903000000	30000000	262.3	0.5	2.19731e-28	5e-33
