P[Pa]	dP[Pa]	T[K]	dT[K]	V_cell[m^3]	dV_cell[m^3]
370000000	30000000	180	0.5	2.9811e-28	5e-33
330000000	30000000	180	0.5	2.9838e-28	5e-33
320000000	30000000	180	0.5	2.9862e-28	5e-33
320000000	30000000	180	0.5	2.9897e-28	5e-33
280000000	30000000	200	0.5	3.0019e-28	5e-33
340000000	30000000	200	0.5	2.9975e-28	5e-33
380000000	30000000	200	0.5	2.9937e-28	5e-33
410000000	30000000	200	0.5	2.9896e-28	5e-33
260000000	30000000	220	0.5	3.0085e-28	5e-33
240000000	30000000	220	0.5	3.0127e-28	5e-33
320000000	30000000	220	0.5	3.005e-28	5e-33
370000000	30000000	220	0.5	2.9975e-28	5e-33
280000000	30000000	240	0.5	3.0219e-28	5e-33
280000000	30000000	240	0.5	3.0264e-28	5e-33
