P[Pa]	dP[Pa]	T[K]	dT[K]	phase
112500000000	1400000000	1900	200	bridgmanite
113300000000	1500000000	2130	220	bridgmanite
114600000000	1400000000	2190	200	bridgmanite
115700000000	1500000000	2520	220	bridgmanite
117200000000	1500000000	2300	210	bridgmanite
118900000000	1400000000	2240	210	bridgmanite
119900000000	1400000000	2060	200	bridgmanite
120100000000	1400000000	2570	200	bridgmanite
120900000000	1400000000	2770	200	bridgmanite
121300000000	1400000000	2620	200	bridgmanite
121700000000	1400000000	2520	200	bridgmanite
123000000000	1500000000	2930	220	bridgmanite
126100000000	1500000000	1600	210	post-perovskite
127200000000	1400000000	2360	200	bridgmanite
127400000000	1400000000	1970	200	post-perovskite
127300000000	1400000000	2070	200	post-perovskite
127800000000	1400000000	1820	200	post-perovskite
128600000000	1500000000	2780	220	bridgmanite
128800000000	1400000000	1620	200	post-perovskite
129000000000	1400000000	1890	200	post-perovskite
129200000000	1800000000	3100	260	bridgmanite
129900000000	1400000000	1510	200	post-perovskite
129900000000	1500000000	2090	210	post-perovskite
130400000000	1400000000	1660	200	post-perovskite
130400000000	1400000000	1830	200	post-perovskite
130500000000	1500000000	1750	210	post-perovskite
130500000000	1400000000	1940	200	post-perovskite
130700000000	1400000000	1620	200	post-perovskite
131200000000	1400000000	1860	200	post-perovskite
131200000000	1900000000	2210	270	post-perovskite
131300000000	1400000000	1620	200	post-perovskite
131500000000	1700000000	1740	240	post-perovskite
131500000000	1400000000	1870	200	post-perovskite
131600000000	1400000000	1890	200	post-perovskite
131900000000	1400000000	1720	200	post-perovskite
132000000000	1500000000	1780	210	post-perovskite
132300000000	1400000000	2770	200	post-perovskite
132400000000	1400000000	1570	200	post-perovskite
132400000000	1400000000	1620	210	post-perovskite
133000000000	1700000000	2030	240	post-perovskite
133300000000	1500000000	2360	220	post-perovskite
133300000000	1600000000	3350	230	bridgmanite
