P_GPa	dP_GPa	T_measured_K	T_KCl_K	aKCl_A	V_KCl_A3	a_SiC_B3_A	error_V_SiC_B3_A3	V_SiC_B3_A3
29.790173513151334	0.00560000000000116	300	298.75	3.240522	34.02866589028671	4.207295	0.095434	74.4747223227332
29.828967409884694	0.00560000000000116	300	298.75	3.240224	34.01927887492196	4.205074	0.013653	74.35684060363013
30.755831176526826	0.00560000000000116	300	298.75	3.233199	33.79849073763098	4.205149	0.010292	74.3608192702439
31.555223415246463	1.8692799999999998	1964	1546.75	3.248559	34.282483555197544	4.225292	0.041107	75.43452885324608
31.773956774275913	2.0428800000000003	2119	1663	3.248889	34.29293222075842	4.2272	0.063186	75.53676610764799
31.808960666959468	2.079840000000001	2152	1687.75	3.249051	34.298062342505084	4.224815	0.007497	75.40898396192057
31.89548652256629	0.00560000000000116	300	298.75	3.224801	33.53580683500679	4.191264	0	73.62665181625823
33.2819514948983	0.00560000000000116	300	298.75	3.214919	33.22845173560532	4.186233	0.125455	73.36183583237789
34.7577744900695	1.2040000000000006	1370	1101.25	3.217181	33.29863918450935	4.193911	0.066109	73.76623705084931
34.813623213269835	1.313760000000002	1468	1174.75	3.21795	33.32252292753488	4.195904	0.025334	73.8714510042021
34.81761952031303	1.382080000000002	1529	1220.5	3.218648	33.34421142468131	4.196277	0.074287	73.89115343358192
34.859325112734794	1.276799999999998	1435	1150	3.217235	33.300315953734454	4.193205	0.07123	73.72899005377607
34.93795993376133	1.315999999999999	1470	1176.25	3.217095	33.295968890466135	4.192502	0.049721	73.69191379051281
40.073918375561654	0.00560000000000116	300	298.75	3.171049	31.886647354267833	4.16376	0.062968	72.18667965840537
40.396372664496184	1.551199999999998	1680	1333.75	3.183235	32.25567271410149	4.18236	0.158407	73.15840644792826
40.761772053982995	1.7785600000000024	1883	1486	3.183083	32.25105229354463	4.178169	0.067265	72.93869814177638
41.049151066693064	1.4207199999999993	1563.5	1246.375	3.177989	32.09646246358162	4.184351	0.019838	73.26293671683021
41.18595905907844	1.3985066666666661	1543.6666666666667	1231.5	3.176949	32.064961978453	4.184511	0.010151	73.27134125897221
41.31206454291223	1.378271999999999	1525.6	1217.9499999999998	3.175996	32.03611473244045	4.185093	0.023073	73.301918202364
41.42996084851447	2.16272	2226	1743.25	3.18251	32.233638490767255	4.183327	0.127381	73.209162865596
41.771803648127765	0.00560000000000116	300	298.75	3.161088	31.587100221581032	4.162892	0.020453	72.14154378831445
41.7749272231763	0.00560000000000116	300	298.75	3.16107	31.58656063087704	4.160871	0.033284	72.03652500130046
41.86533692194889	1.1704000000000008	1340	1078.75	3.170785	31.878684020283487	4.172948	0.152857	72.66560917792724
41.87039551323471	1.0897600000000018	1268	1024.75	3.170034	31.856037998793592	4.168427	0.065989	72.42968573086368
42.21134945148558	1.42408	1566.5	1248.625	3.170991	31.88489772026355	4.1861	0.005086	73.35484376038099
42.38596167514592	1.8717066666666682	1966.1666666666667	1548.375	3.173974	31.974966236908852	4.186577	0.006617	73.37992265079046
42.73534199555485	0.00560000000000116	300	298.75	3.15559	31.422570794221883	4.158434	0.010973	71.91002489276248
43.03376143523123	0.00560000000000116	300	298.75	3.153909	31.37238061588607	4.158682	0.022074	71.92289133461799
43.169288151401446	2.3721599999999974	2413	1883.5	3.173777	31.969012806864445	4.178607	0.064626	72.96163917092744
43.202907041897724	1.9360655999999992	2023.63	1591.4725	3.169659	31.84473408109265	4.178836	0.326341	72.97363536801878
43.255049890675004	0.00560000000000116	300	298.75	3.152669	31.335391794164234	4.153021	0.267355	71.62957616926143
43.29178214734063	2.3607359999999993	2402.8	1875.8500000000001	3.172936	31.94360571362156	4.176105	0.071127	72.83065719156234
43.3461077909449	1.8916799999999974	1984	1561.75	3.168415	31.80725436777787	4.181563	0.297283	73.1165907222496
43.5070556667171	2.53904	2562	1995.25	3.17325	31.95309025870312	4.175826	0.054606	72.81606100982044
44.257723234126715	2.820574399999998	2813.37	2183.7775	3.17128	31.893616359281147	4.179721	0.022174	73.02000857730441
44.29718166164379	2.9038128000000007	2887.69	2239.5175	3.171791	31.909036250491262	4.181024	0.02944	73.08832036301678
44.48529078691749	2.6969600000000007	2703	2101	3.168822	31.819513382640146	4.176471	0.008135	72.84980782841654
44.52495156020003	2.9805439999999983	2956.2	2290.8999999999996	3.171117	31.888698730816063	4.180304	0.023738	73.05056798772472
44.78056889365416	2.8564367999999973	2845.39	2207.7925	3.16849	31.809513163308043	4.177692	0.023874	72.91371988898017
44.79139845255721	3.0557967999999995	3023.39	2341.2925	3.170201	31.86107287092163	4.181533	0.01971	73.11501704131875
44.79333808331335	2.3127999999999993	2360	1843.75	3.163631	31.66339417451797	4.173919	0.015727	72.7163464930883
44.906564005027676	2.5345600000000026	2558	1992.25	3.16491	31.701812551158767	4.174058	0.004781	72.72361154214819
48.933153535214636	0.00560000000000116	300	298.75	3.122602	30.44737811499803	4.138766	0.040191	70.89451211155045
53.70849974409238	0.00560000000000116	300	298.75	3.099598	29.77941184285223	4.120082	0.032367	69.93870378550919
54.16380476174347	0.00560000000000116	300	298.75	3.0975	29.718983109375003	4.117706	0.083559	69.81777521083693
54.425321152712726	0.00560000000000116	300	298.75	3.096302	29.684513788826298	4.116867	0.05626	69.77510690556349
54.5279775682358	2.355360000000001	2398	1872.25	3.112397	30.1498366914042	4.134867	0.040314	70.69433840265468
54.53655142121465	0.00560000000000116	300	298.75	3.095794	29.66990546664883	4.11758	0.11409	69.81136622693153
54.62650827218394	2.552479999999999	2574	2004.25	3.113353	30.177627585138442	4.134047	0.026284	70.65228781519211
55.02848881701094	2.648799999999998	2660	2068.75	3.112105	30.14135166229056	4.133713	0.023542	70.63516467340071
55.05076709668212	1.2857599999999998	1443	1156	3.102284	29.85689624681564	4.123533	0.050976	70.11459398831927
55.054607327299784	0.00560000000000116	300	298.75	3.09344	29.60227513017959	4.11771	0.057516	69.817978677067
55.084894754936826	1.4044799999999995	1549	1235.5	3.102957	29.876331653651263	4.125114	0.029715	70.19527262957698
55.28803258891681	1.5131200000000007	1646	1308.25	3.102769	29.870901597688217	4.126556	0.040154	70.26891202782528
55.31228246925109	1.6363200000000013	1756	1390.75	3.103521	29.892625769852692	4.127944	0.018189	70.33984240632407
55.46942927051429	1.776320000000002	1881	1484.5	3.103769	29.899792433397298	4.129153	0.056647	70.40166430518984
55.675527275662546	1.909600000000001	2000	1573.75	3.10374	29.89895433699363	4.130341	0.066136	70.46244764946123
55.74661376907952	0.00560000000000116	300	298.75	3.090326	29.512968027013173	4.112592	0.03209	69.55796682567538
55.90540137123129	2.0664000000000016	2140	1678.75	3.103765	29.899676832962225	4.131867	0.048963	70.54057589109448
56.00946051721116	2.181759999999997	2243	1756	3.104089	29.909041433633057	4.130909	0.0216	70.49152140467268
56.18577508695155	2.8156800000000004	2809	2180.5	3.107753	30.01507846980885	4.131747	0.038035	70.53443003262336
56.26188024988343	2.2892800000000015	2339	1828	3.103661	29.89667132623339	4.130732	0.013479	70.48246059165159
56.282108405860214	2.5916799999999967	2609	2030.5	3.105702	29.955691214465208	4.130163	0.036699	70.45333815329423
56.36289713494967	2.4617600000000017	2493	1943.5	3.104402	29.91808995701741	4.129979	0.027763	70.44392242076397
56.943382705265186	1.2252800000000015	1389	1115.5	3.093172	29.594582022399024	4.116502	0.036054	69.75654984060787
56.966125376941946	1.3126400000000018	1467	1174	3.093662	29.608648788670198	4.117088	0.039782	69.78634442654283
56.98638500898037	1.18384	1352	1087.75	3.092697	29.58095012492689	4.116263	0.033412	69.744400558901
57.04778291287265	1.3675200000000025	1516	1210.75	3.093665	29.608734925454858	4.117268	0.022738	69.79549805007348
57.124175069199936	1.4391999999999996	1580	1258.75	3.093806	29.612783542778047	4.117504	0.016506	69.80750068024766
57.12458757380152	2.637599999999999	2650	2061.25	3.102069	29.850689089934196	4.137754	0.090549	70.84252001675875
57.15802043012813	2.7720336000000003	2770.03	2151.2725	3.102855	29.873385477803676	4.1264	0.009553	70.26094300774402
57.185154557641695	1.5792000000000002	1705	1352.5	3.094482	29.632199061399355	4.118035	0.022083	69.8345116291537
57.27654544793171	1.6486400000000003	1767	1399	3.09454	29.63386528510866	4.11901	0.059582	69.88412614506572
57.335107994178514	1.7561599999999977	1863	1471	3.095007	29.647283534979962	4.11971	0.037273	69.91976131145164
57.4433737992897	2.499839999999999	2527	1969	3.099628	29.780276526919724	4.126104	0.041149	70.24582395919356
57.47437311935497	1.9958400000000012	2077	1631.5	3.096011	29.676145049251843	4.120745	0.027221	69.97247264452251
57.5045650505911	1.9107200000000013	2001	1574.5	3.095291	29.655445650112732	4.120642	0.053994	69.96722578901165
57.57332196586861	2.5972800000000014	2614	2034.25	3.099703	29.782438310317495	4.123963	0.043238	70.13653082220121
57.65699112409653	2.1257599999999996	2193	1718.5	3.096067	29.677755406110133	4.121677	0.046026	70.01996097150273
57.68439955828138	2.1873600000000017	2248	1759.75	3.096364	29.686297022543073	4.122445	0.063373	70.05910912700527
57.68473300241777	3.2144000000000013	3165	2447.5	3.103496	29.89190338747696	4.134947	0.019404	70.69844179207051
57.71142105467654	2.2747199999999985	2326	1818.25	3.09684	29.6999900345255	4.122677	0.04043	70.07093800141072
57.72173318083772	2.873920000000002	2861	2219.5	3.100939	29.818079570833234	4.127959	0.013601	70.34060920558542
57.723688050426006	2.7686400000000013	2767	2149	3.100197	29.796679870931346	4.124769	0.025402	70.17766195720503
57.7353119951614	2.6409599999999998	2653	2063.5	3.099257	29.76958444364553	4.12488	0.031132	70.18332767819827
57.837089338330856	3.267039999999998	3212	2482.75	3.103152	29.881964587782647	4.136684	0.023285	70.78757579126925
57.857962631171986	3.045279999999998	3014	2334.25	3.101501	29.83429478629105	4.129252	0.047506	70.40672824823606
57.92241429258889	2.5502399999999987	2572	2002.75	3.097768	29.726697759843763	4.123565	0.023121	70.1162263393294
58.03244985731357	2.705919999999999	2711	2107	3.098336	29.743052626125362	4.125355	0.056423	70.20757632522911
58.08236251001803	3.1975999999999978	3150	2436.25	3.10152	29.834843090231807	4.132243	0.028256	70.55983522608174
58.117632628951945	3.2088	3160	2443.75	3.101434	29.832361347059607	4.133687	0.022392	70.63383185029687
59.21617827772493	0.00560000000000116	300	298.75	3.075212	29.08206106711793	4.100817	0	68.96220952066005
59.73640056575993	1.350719999999999	1501	1199.5	3.081636	29.26469598640179	4.110308	0.408315	69.44214047010233
59.90732252538576	1.445920000000001	1586	1263.25	3.081514	29.26122041216142	4.111598	0.401916	69.50754321741798
60.09032355982186	1.534399999999998	1665	1322.5	3.081296	29.255010645028623	4.111822	0.461833	69.51890415635218
60.292644696436184	1.6732799999999983	1789	1415.5	3.081322	29.2557512133106	4.105269	0	69.18705729332017
60.3424265949463	1.8782399999999981	1972	1552.75	3.082441	29.287635978109098	4.108235	0	69.33712573572585
60.363884034004165	1.7864000000000004	1890	1491.25	3.081749	29.26791541131943	4.10712	0	69.28068550206413
60.49149283932225	1.934239999999999	2022	1590.25	3.082158	29.279569993997093	4.122832	0.021789	70.07884165508192
64.4360992983073	0.005599999999994054	300	298.75	3.053897	28.48151954415457	4.08055	0.051335	67.94478226276635
64.45691423999581	2.3167199999999966	2363.5	1846.375	3.067786	28.87188794888858	4.097002	0.09893	68.76992138550315
64.60199795984764	2.5362399999999994	2559.5	1993.375	3.068548	28.89340755001858	4.096495	0.049374	68.74439391274848
64.87900251438822	2.8382400000000025	2829.1428571428573	2195.607142857143	3.069278	28.91403346724928	4.098188	0.030344	68.8296612191818
64.95061019459224	2.72888	2731.5	2122.375	3.068301	28.886430865390874	4.098275	0.0224	68.83404484505455
