P_GPa	dP_GPa	T_K	dT_K	V_SiC_B1_A3	dV_SiC_B1_A3
65.37	0.01	300	3	56.727	0.127
66.96	0.01	300	3	56.577	0.091
68.66	0.01	300	3	56.306	0.016
69.64	0.01	300	3	56.009	0.021
69.75	0.01	300	3	55.988	0.019
75.82	0.01	300	3	55.444	0.013
77.5	0.01	300	3	55.345	0.025
81.64	0.01	300	3	54.919	0.021
82.13	0.01	300	3	54.874	0.027
82.75	0.01	300	3	54.823	0.017
83.8	0.01	300	3	54.667	0.035
83.8	0.01	300	3	54.671	0.01
84.13	0.01	300	3	54.636	0.027
85.54	0.01	300	3	54.404	0.048
87.23	0.01	300	3	54.279	0.033
89.96	0.01	300	3	53.835	0.056
90.02	0.01	300	3	53.997	0.019
91.42	0.01	300	3	53.923	0.001
91.55	0.01	300	3	53.825	0.001
92.72	0.01	300	3	53.562	0.002
93.92	0.01	300	3	53.677	0.002
93.97	0.01	300	3	53.677	0.013
96.65	0.01	300	3	53.539	0.02
98.36	0.01	300	3	53.258	0.005
100.82	0.01	300	3	52.98	0.014
101.36	0.01	300	3	52.92	0.007
104.2	0.01	300	3	52.836	0.009
106.63	0.01	300	3	52.535	0.005
106.76	0.01	300	3	52.526	0.012
116.86	0.01	300	3	51.878	0.022
117.77	0.01	300	3	51.752	0.035
118.25	0.01	300	3	51.677	0.086
118.91	0.01	300	3	51.724	0.036
119.27	0.01	300	3	51.652	0.034
119.56	0.01	300	3	51.523	0.088
119.73	0.01	300	3	51.482	0.079
120.02	0.01	300	3	51.528	0.092
122.64	0.01	300	3	51.255	0.098
123.1	0.01	300	3	51.218	0.111
123.31	0.01	300	3	51.224	0.145
124.92	0.01	300	3	51.163	0.048
125.48	0.01	300	3	51.072	0.121
126.44	0.01	300	3	51.148	0.018
127.3	0.01	300	3	51.045	0.032
128.59	0.01	300	3	51.033	0.008
130	0.01	300	3	50.881	0.022
134.13	0.01	300	3	50.497	0.075
134.47	0.01	300	3	50.447	0.066
134.63	0.01	300	3	50.378	0.045
134.69	0.01	300	3	50.427	0.064
134.79	0.01	300	3	50.367	0.055
141.11	0.01	300	3	49.95	0.088
144.7	0.01	300	3	49.54	0.076
150.4	0.01	300	3	49.174	0.031
154.16	0.01	300	3	48.817	0.015
163.03	0.01	300	3	48.374	0.025
164.36	0.01	300	3	48.165	0.018
166.75	0.01	300	3	47.951	0.03
174.02	0.01	300	3	47.623	0.025
178.09	0.01	300	3	47.374	0.017
182.56	0.01	300	3	47.081	0.023
188.18	0.01	300	3	46.684	0.028
189.01	0.01	300	3	46.589	0.035
197.11	0.01	300	3	46.296	0.027
199.21	0.01	300	3	46.15	0.098
200.96	0.01	300	3	46.045	0.08
202.09	0.01	300	3	45.97	0.09
83.08	1.02	1204	150	55.023	0.067
95.42	1.03	1216.3	150	53.825	0.003
202.14	1.12	1296.83	150	46.241	0.061
86.73	1.13	1300.3	150	54.634	0.014
83.12	1.13	1305.6	150	55.028	0.026
95.55	1.13	1308	150	53.84	0.014
102.46	1.14	1311.67	150	53.173	0.004
102.45	1.19	1353.75	150	53.177	0.007
95.44	1.19	1354	150	53.878	0.01
83.12	1.19	1354.2	150	55.058	0.06
107.7	1.2	1362	150	52.756	0.003
86.77	1.21	1372	150	54.626	0.013
107.81	1.23	1392.75	150	52.752	0.004
95.51	1.24	1398.5	150	53.892	0.009
102.53	1.27	1424.5	150	53.213	0.009
107.89	1.27	1429	150	52.766	0.009
82.95	1.27	1430.25	150	55.12	0.033
83.05	1.27	1433.25	150	55.082	0.029
70.28	1.28	1438	150	56.367	0.022
138.34	1.28	1438	150	50.601	0.059
95.53	1.28	1441	150	53.91	0.006
86.87	1.29	1445	150	54.652	0.015
183.7	1.32	1472	150	47.221	0.057
77.79	1.32	1473	150	55.789	0.014
198.18	1.33	1480	150	46.517	0.045
82.95	1.33	1483.5	150	55.134	0.052
107.94	1.34	1488.75	150	52.769	0.002
95.57	1.34	1490.25	150	53.94	0.007
102.63	1.35	1496	150	53.241	0.012
141.56	1.36	1505	150	50.184	0.101
87.05	1.36	1506	150	54.668	0.029
127.56	1.37	1515	150	51.338	0.044
151.45	1.37	1515	150	49.441	0.025
70.22	1.37	1519	150	56.418	0.018
123.55	1.37	1520	150	51.439	0.092
138.79	1.37	1520	150	50.627	0.006
175.66	1.37	1520	150	47.847	0.025
126.24	1.38	1525	150	51.276	0.057
108.04	1.38	1529.75	150	52.783	0.004
87.08	1.38	1530	150	54.654	0.028
135.15	1.38	1530	150	50.736	0.084
135	1.39	1533.33	150	50.765	0.088
82.99	1.39	1534	150	55.159	0.035
89.05	1.4	1541	150	54.539	0.031
95.62	1.4	1541.25	150	53.957	0.004
80.03	1.4	1542	150	55.002	0.096
77.86	1.41	1550	150	55.832	0.009
89.14	1.41	1554	150	54.167	0.026
161.72	1.41	1555	150	48.632	0.021
129.38	1.42	1566	150	51.238	0.011
102.75	1.43	1575.5	150	53.262	0.014
87.22	1.44	1579.75	150	54.672	0.044
89.02	1.45	1589.75	150	54.555	0.028
95.7	1.45	1590.5	150	53.966	0.001
70.62	1.45	1593	150	56.459	0.024
108.09	1.47	1603.5	150	52.8	0.004
83.64	1.47	1606.7	150	55.179	0.042
87.76	1.47	1610.75	150	54.68	0.042
77.35	1.48	1613	150	55.842	0.015
77.86	1.49	1625	150	55.867	0.005
139.15	1.49	1625	150	50.621	0.012
108.14	1.51	1645	150	52.806	0.003
88.43	1.51	1647.25	150	54.58	0.014
119.63	1.52	1650	150	51.905	0.032
102.84	1.52	1653.25	150	53.292	0.013
89.59	1.53	1658	150	54.156	0.047
139.91	1.54	1671.25	150	50.644	0.006
83.66	1.55	1674.75	150	55.185	0.008
70.57	1.55	1676	150	56.486	0.011
95.76	1.55	1676	150	53.997	0.002
108.03	1.55	1680.33	150	52.851	0.007
88.57	1.56	1686	150	54.604	0.051
102.97	1.57	1700	150	53.289	0.008
97.53	1.61	1730	150	53.578	0.051
95.82	1.62	1737.5	150	54.012	0.01
70.48	1.63	1748	150	56.518	0.027
139.84	1.63	1750	150	50.676	0.022
83.35	1.63	1753.75	150	55.233	0.04
77.27	1.64	1756	150	55.917	0.049
88.69	1.64	1761.25	150	54.619	0.044
108.1	1.66	1777.75	150	52.887	0.009
95.88	1.67	1788.75	150	54.023	0.013
103.04	1.68	1797	150	53.322	0.015
77.99	1.69	1801	150	55.921	0.004
88.79	1.69	1808	150	54.626	0.035
83.76	1.72	1828.75	150	55.254	0.02
70.41	1.73	1838	150	56.554	0.026
80.86	1.73	1840	150	55.782	0.074
90.15	1.73	1840	150	54.194	0.008
108.14	1.75	1855.25	150	52.904	0.007
103.17	1.75	1855.75	150	53.333	0.019
140.03	1.76	1862	150	50.685	0.033
88.84	1.76	1870.25	150	54.633	0.037
95.96	1.78	1881.5	150	54.045	0.01
70.88	1.81	1908	150	56.596	0.029
98.15	1.82	1917	150	53.63	0.104
78.04	1.82	1922	150	55.955	0.001
108.23	1.83	1929.75	150	52.925	0.006
103.28	1.84	1934.75	150	53.345	0.014
81.22	1.84	1935	150	55.185	0.055
89.71	1.84	1936	150	54.263	0.027
139.24	1.84	1938	150	50.681	0.06
89.06	1.85	1947	150	54.664	0.022
83.8	1.86	1956.5	150	55.28	0.015
97.43	1.86	1960	150	53.671	0.104
198.7	1.87	1961.43	150	46.587	0.032
176.17	1.87	1962.5	150	47.979	0.058
81.72	1.87	1963	150	55.223	0.128
89.43	1.87	1966	150	54.306	0.095
129.57	1.88	1977	150	51.316	0.017
120.58	1.89	1980	150	51.802	0.023
151.67	1.89	1980	150	49.556	0.024
128.06	1.89	1985	150	51.415	0.013
96.09	1.9	1989.25	150	54.082	0.007
98.01	1.9	1991	150	53.685	0.067
89.13	1.9	1995.25	150	54.669	0.022
120.14	1.91	1998.33	150	51.974	0.098
77.64	1.91	2000	150	56.083	0.061
123.42	1.91	2000	150	51.504	0.029
81.47	1.91	2004	150	55.289	0.136
89.45	1.92	2008	150	54.352	0.008
126.69	1.92	2010	150	51.366	0.037
70.52	1.93	2014	150	56.664	0.033
89.77	1.93	2020	150	54.303	0.063
108.33	1.94	2028.75	150	52.961	0.014
81.34	1.94	2031	150	55.264	0.096
161.83	1.95	2035	150	48.715	0.021
203.58	1.95	2037.5	150	46.239	0.059
103.44	1.95	2037.75	150	53.386	0.013
131.26	1.96	2041.43	150	51.35	0.025
140.04	1.96	2045	150	50.712	0.038
96.19	1.97	2050.5	150	54.117	0.014
184.56	1.97	2052	150	47.394	0.038
141.88	1.97	2052.5	150	50.313	0.087
78.14	1.98	2065	150	56.016	0.011
130.63	1.99	2069.5	150	51.346	0.014
81.63	1.99	2074	150	55.323	0.125
89.53	2	2077	150	54.352	0.086
103.5	2	2080.25	150	53.41	0.026
81.63	2	2084	150	55.344	0.012
131.19	2	2084.14	150	51.298	0.01
83.89	2.01	2088.25	150	55.324	0.038
70.47	2.01	2089	150	56.71	0.025
108.36	2.01	2090.25	150	52.97	0.008
81.56	2.04	2115	150	55.31	0.028
89.95	2.04	2115	150	54.291	0.104
81.31	2.05	2127	150	55.422	0.175
96.31	2.06	2133	150	54.11	0.008
131.44	2.07	2145	150	51.433	0.081
131.19	2.09	2163.63	150	51.453	0.058
103.58	2.09	2164.5	150	53.416	0.014
90.58	2.09	2165	150	54.404	0.042
69.66	2.1	2169	150	56.843	0.083
78.27	2.1	2169	150	56.034	0.002
70.62	2.11	2178	150	56.78	0.035
130.64	2.13	2192.86	150	51.338	0.004
108.55	2.13	2193.25	150	52.991	0.016
131.1	2.13	2194.44	150	51.424	0.04
78.39	2.14	2204	150	55.894	0.07
78.52	2.14	2210	150	56.005	0.007
70.95	2.15	2214	150	56.716	0.026
69.74	2.15	2219	150	56.77	0.047
96.44	2.16	2219.25	150	54.133	0.006
70.67	2.16	2228	150	56.848	0.001
69.87	2.17	2232	150	56.826	0.044
70.64	2.17	2235	150	56.812	0.033
71.16	2.18	2245	150	56.801	0.023
83.98	2.19	2247.25	150	55.392	0.015
103.71	2.19	2253	150	53.431	0.007
91.09	2.2	2262	150	54.572	0.056
69.99	2.21	2270	150	56.855	0.049
108.69	2.21	2270.5	150	53.013	0.012
76.03	2.22	2272.8	150	56.405	0.084
139.7	2.22	2275	150	50.749	0.008
82.53	2.23	2286	150	55.57	0.101
70.07	2.24	2292	150	56.913	0.069
96.61	2.28	2334	150	54.172	0.01
78.34	2.29	2342	150	56.15	0.016
76.58	2.3	2350	150	56.473	0.001
103.96	2.3	2352	150	53.463	0.012
90.65	2.33	2374	150	54.582	0.044
84.16	2.34	2383.5	150	55.433	0.01
84.14	2.37	2410	150	55.607	0.06
198.37	2.37	2410	150	46.687	0.042
184.91	2.38	2422	150	47.459	0.045
78.57	2.39	2426.5	150	56.184	0.013
108.86	2.39	2427.25	150	53.049	0.009
77.09	2.39	2431	150	56.286	0.019
82.69	2.4	2435	150	55.667	0.001
81.41	2.4	2439	150	55.747	0.046
104.14	2.4	2441.75	150	53.49	0.016
91.59	2.4	2442	150	54.591	0.098
120.07	2.41	2443	150	51.996	0.027
163.87	2.41	2445.71	150	48.827	0.017
205.01	2.41	2448.13	150	46.312	0.046
126.95	2.43	2463.33	150	51.437	0.061
120.63	2.44	2473.33	150	51.891	0.051
83.58	2.45	2478.5	150	55.679	0.07
76.72	2.45	2480	150	56.592	0.046
130.1	2.45	2483	150	51.431	0.024
82.76	2.45	2486	150	55.713	0.041
90.98	2.46	2489.25	150	54.597	0.001
68.52	2.46	2493.17	150	57.46	0.06
128.32	2.46	2495	150	51.511	0.019
136.19	2.46	2495	150	50.883	0.092
135.74	2.47	2496	150	50.957	0.091
82.84	2.47	2502	150	55.661	0.019
151.78	2.48	2510	150	49.71	0.029
176.05	2.49	2516.25	150	48.11	0.035
91.07	2.49	2521.12	150	54.591	0.015
141.84	2.5	2526	150	50.416	0.082
78.71	2.5	2529.2	150	56.041	0.054
123.43	2.51	2540.25	150	51.644	0.08
80.62	2.52	2545.25	150	55.842	0.053
84.16	2.52	2545.25	150	55.546	0.034
76.08	2.54	2559.33	150	56.448	0.096
64.5	2.54	2560.6	150	58.06	0.06
82.93	2.54	2563.3	150	55.73	0.032
68.75	2.54	2565.5	150	57.52	0.017
78.56	2.55	2571	150	56.341	0.024
77.44	2.57	2586.33	150	56.212	0.049
105.14	2.58	2597.33	150	53.503	0.021
82.9	2.6	2612	150	55.787	0.025
84.04	2.61	2628.25	150	55.585	0.014
97.62	2.62	2637.88	150	54.277	0.025
88.97	2.63	2642.5	150	55.007	0.049
76.7	2.64	2647.8	150	56.301	0.074
109.21	2.65	2657	150	53.107	0.019
97.3	2.65	2657.75	150	54.172	0.015
87.7	2.65	2662.8	150	55.14	0.056
91.15	2.65	2664.4	150	54.633	0.04
76.15	2.67	2674.8	150	56.408	0.069
97.59	2.67	2678.25	150	54.3	0.026
95.21	2.67	2681.8	150	54.458	0.031
95.93	2.69	2699.8	150	54.365	0.059
109.51	2.69	2700.25	150	53.115	0.013
84.25	2.69	2700.6	150	55.672	0.014
85.33	2.7	2703.5	150	55.515	0.044
109.59	2.7	2707.5	150	53.118	0.013
105.3	2.71	2710.2	150	53.522	0.022
105.14	2.71	2713	150	53.516	0.021
88.52	2.71	2718	150	55.066	0.09
86.62	2.72	2726.5	150	55.316	0.048
97.62	2.72	2728	150	54.319	0.023
90.45	2.73	2732.25	150	54.87	0.04
110.06	2.73	2732.75	150	53.18	0.01
78.94	2.73	2734.6	150	56.389	0.033
101.68	2.74	2738.75	150	53.85	0.026
99.06	2.74	2740.83	150	54.067	0.03
105.6	2.75	2751.33	150	53.474	0.025
97.32	2.77	2766.75	150	54.237	0.04
91.55	2.77	2770.5	150	54.69	0.039
94.14	2.79	2786.75	150	54.606	0.042
110.27	2.79	2787.25	150	53.212	0.016
102.34	2.79	2788	150	53.802	0.038
84.45	2.79	2789.75	150	55.734	0.009
91.11	2.8	2797.8	150	54.81	0.037
85.49	2.81	2802	150	55.466	0.072
89.87	2.83	2821	150	54.952	0.063
123.19	2.83	2821.67	150	51.714	0.022
91.55	2.84	2834.75	150	54.701	0.02
92.16	2.85	2842	150	54.766	0.037
198.13	2.85	2842.5	150	46.772	0.036
103.72	2.88	2869.8	150	53.724	0.036
102.84	2.91	2889	150	53.801	0.041
100.94	2.91	2890.75	150	53.961	0.029
128.78	2.92	2904	150	51.58	0.012
151.03	2.93	2913.33	150	49.874	0.031
163.31	2.93	2915	150	48.996	0.028
176.42	2.94	2923.33	150	48.236	0.049
141.24	2.96	2940	150	50.584	0.089
136.14	3.01	2981.67	150	51.064	0.116
185.46	3.01	2983.33	150	47.62	0.022
99.92	3.04	3009	150	54.073	0.049
65.49	3.05	3018.5	150	58.424	0.042
105.98	3.06	3027	150	53.5	0.018
127.11	3.07	3032.5	150	51.491	0.042
144.34	3.07	3037.78	150	50.333	0.015
106.25	3.21	3163.4	150	53.497	0.02
64.74	3.4	3330.6	150	58.935	0.071
112.87	3.4	3332.25	150	53.388	0.013
