rho[kg/m^3]	drho[kg/m^3]	P[Pa]	dP[Pa]	T[K]	dT[K]	V[m^3/mol]	dV[m^3/mol]
4694.83487139475	10.510762576324	65370000000	10000000	300	3	8.540449472313e-06	1.9120296913e-08
4707.28207132952	7.57132171184379	66960000000	10000000	300	3	8.517866444463e-06	1.3700370229e-08
4729.93815489664	1.3440665378174	68660000000	10000000	300	3	8.477066440814e-06	2.408856304e-09
4755.01968879306	1.78284585449935	69640000000	10000000	300	3	8.432352045671e-06	3.161623899e-09
4756.80320335805	1.61426128570056	69750000000	10000000	300	3	8.429190421772e-06	2.860516861e-09
4803.47553837404	1.12627483584991	75820000000	10000000	300	3	8.347289307436e-06	1.957195747e-09
4812.06789682194	2.17366875816331	77500000000	10000000	300	3	8.332384509055e-06	3.763837975e-09
4849.3945219252	1.85431790382981	81640000000	10000000	300	3	8.268248709961e-06	3.161623899e-09
4853.37131883242	2.38803487277172	82130000000	10000000	300	3	8.261473801606e-06	4.064945013e-09
4857.88624755322	1.50637626923745	82750000000	10000000	300	3	8.253795572137e-06	2.559409823e-09
4871.74891158487	3.11908851602375	83800000000	10000000	300	3	8.230309223173e-06	5.269373165e-09
4871.3924704068	0.891037747691976	83800000000	10000000	300	3	8.230911437249e-06	1.50553519e-09
4874.51310032964	2.40888523517278	84130000000	10000000	300	3	8.225642064084e-06	4.064945013e-09
4895.29993657838	4.31906471869278	85540000000	10000000	300	3	8.190713647676e-06	7.226568912e-09
4906.57340315058	2.98304910377806	87230000000	10000000	300	3	8.171894457801e-06	4.968266127e-09
4947.03998791883	5.14598754199785	89960000000	10000000	300	3	8.105048695365e-06	8.430997064e-09
4932.1980434026	1.73549943190639	90020000000	10000000	300	3	8.129438365443e-06	2.860516861e-09
4938.96663296942	0.0915929498167651	91420000000	10000000	300	3	8.118297405037e-06	1.50553519e-10
4947.95908499044	0.0919267828144995	91550000000	10000000	300	3	8.103543160175e-06	1.50553519e-10
4972.25454145869	0.185663512992744	92720000000	10000000	300	3	8.063947584678e-06	3.01107038e-10
4961.60176145482	0.184868817611074	93920000000	10000000	300	3	8.081261239363e-06	3.01107038e-10
4961.60176145482	1.20164731447198	93970000000	10000000	300	3	8.081261239363e-06	1.957195747e-09
4974.39058909599	1.85823066889407	96650000000	10000000	300	3	8.060484853741e-06	3.01107038e-09
5000.63648183578	0.469472800502815	98360000000	10000000	300	3	8.018179314902e-06	7.52767595e-10
5026.87613721424	1.32835534014721	100820000000	10000000	300	3	7.97632543662e-06	2.107749266e-09
5032.5755432655	0.665684595670039	101360000000	10000000	300	3	7.96729222548e-06	1.053874633e-09
5040.57645827864	0.858603757372015	104200000000	10000000	300	3	7.954645729884e-06	1.354981671e-09
5069.45650993833	0.482483726081501	106630000000	10000000	300	3	7.909329120665e-06	7.52767595e-10
5070.32512945227	1.15835779525239	106760000000	10000000	300	3	7.907974138994e-06	1.806642228e-09
5133.65776918174	2.17703980342338	116860000000	10000000	300	3	7.810415458682e-06	3.312177418e-09
5146.1566267895	3.4803578980065	117770000000	10000000	300	3	7.791445715288e-06	5.269373165e-09
5153.62536040425	8.57657721993857	118250000000	10000000	300	3	7.780154201363e-06	1.2947602634e-08
5148.94242033892	3.5836734810185	118910000000	10000000	300	3	7.787230216756e-06	5.419926684e-09
5156.11975818188	3.39402291834167	119270000000	10000000	300	3	7.776390363388e-06	5.118819646e-09
5169.02932184869	8.82857326480766	119560000000	10000000	300	3	7.756968959437e-06	1.3248709672e-08
5173.14591021348	7.93827992127083	119730000000	10000000	300	3	7.750796265158e-06	1.1893728001e-08
5168.52774704258	9.2280809021875	120020000000	10000000	300	3	7.757721727032e-06	1.3850923748e-08
5196.05692614594	9.93490544848897	122640000000	10000000	300	3	7.716620616345e-06	1.4754244862e-08
5199.81056951873	11.2690650399582	123100000000	10000000	300	3	7.711050136142e-06	1.6711440609e-08
5199.20150221791	14.7174023469779	123310000000	10000000	300	3	7.711953457256e-06	2.1830260255e-08
5205.40034301371	4.88359197984203	124920000000	10000000	300	3	7.702769692597e-06	7.226568912e-09
5214.67531621261	12.3546309770858	125480000000	10000000	300	3	7.689069322368e-06	1.8216975799e-08
5206.92691306816	1.83242129575402	126440000000	10000000	300	3	7.700511389812e-06	2.709963342e-09
5217.43359290058	3.27079782491564	127300000000	10000000	300	3	7.685004377355e-06	4.817712608e-09
5218.66043049811	0.818084052357982	128590000000	10000000	300	3	7.683197735127e-06	1.204428152e-09
5234.25046185433	2.26319274701353	130000000000	10000000	300	3	7.660313600239e-06	3.312177418e-09
5274.05385962751	7.83321859659114	134130000000	10000000	300	3	7.602501048943e-06	1.1291513925e-08
5279.28118123199	6.90690344245072	134470000000	10000000	300	3	7.594973372993e-06	9.936532254e-09
5286.51192484041	4.72216119373176	134630000000	10000000	300	3	7.584585180182e-06	6.774908355e-09
5281.37501238642	6.70291710378827	134690000000	10000000	300	3	7.591962302613e-06	9.635425216e-09
5287.66648300693	5.77405159261781	134790000000	10000000	300	3	7.582929091473e-06	8.280443545e-09
5331.80976475696	9.39337856453679	141110000000	10000000	300	3	7.52014827405e-06	1.3248709672e-08
5375.93657144954	8.24729873698355	144700000000	10000000	300	3	7.45842133126e-06	1.1442067444e-08
5415.94943973665	3.41429276918364	150400000000	10000000	300	3	7.403318743306e-06	4.667159089e-09
5455.55641988672	1.67632886695825	154160000000	10000000	300	3	7.349571137023e-06	2.258302785e-09
5505.51738019618	2.8452874375678	163030000000	10000000	300	3	7.282875928106e-06	3.763837975e-09
5529.40719920295	2.06642436594318	164360000000	10000000	300	3	7.251410242635e-06	2.709963342e-09
5554.08433087131	3.4748499494513	166750000000	10000000	300	3	7.219191789569e-06	4.51660557e-09
5592.33768871365	2.93573362068415	174020000000	10000000	300	3	7.169810235337e-06	3.763837975e-09
5621.73128191857	2.0173392956604	178090000000	10000000	300	3	7.132322409106e-06	2.559409823e-09
5656.7170992462	2.76341822141973	182560000000	10000000	300	3	7.088210228039e-06	3.462730937e-09
5704.8217322768	3.42162215113852	188180000000	10000000	300	3	7.028440480996e-06	4.215498532e-09
5716.45447958982	4.29448811491218	189010000000	10000000	300	3	7.014137896691e-06	5.269373165e-09
5752.63300824283	3.35495704213229	197110000000	10000000	300	3	6.970025715624e-06	4.064945013e-09
5770.8320205766	12.2544211921237	199210000000	10000000	300	3	6.94804490185e-06	1.4754244862e-08
5783.99169833012	10.0492851746424	200960000000	10000000	300	3	6.932236782355e-06	1.204428152e-08
5793.42827386579	11.3423655568397	202090000000	10000000	300	3	6.92094526843e-06	1.354981671e-08
4840.22859076405	5.89381377935029	83080000000	1020000000	1204	150	8.283906275937e-06	1.0087085773e-08
4947.95908499044	0.275780348443498	95420000000	1030000000	1216.3	150	8.103543160175e-06	4.51660557e-10
5759.47530870029	7.59775943060742	202140000000	1120000000	1296.83	150	6.961745272079e-06	9.183764659e-09
4874.69154280503	1.24914305376268	86730000000	1130000000	1300.3	150	8.225340957046e-06	2.107749266e-09
4839.78879387966	2.28673600059736	83120000000	1130000000	1305.6	150	8.284659043532e-06	3.914391494e-09
4946.58056741475	1.28625794843623	95550000000	1130000000	1308	150	8.10580146296e-06	2.107749266e-09
5008.63027757716	0.376779965589841	102460000000	1140000000	1311.67	150	8.005382265787e-06	6.02214076e-10
5008.25352595314	0.65926574800519	102450000000	1190000000	1353.75	150	8.005984479863e-06	1.053874633e-09
4943.09175822433	0.917460142957112	95440000000	1190000000	1354	150	8.111522496682e-06	1.50553519e-09
4837.15169002888	5.27133389156404	83120000000	1190000000	1354.2	150	8.289175649102e-06	9.03321114e-09
5048.22006500891	0.287069910437234	107700000000	1200000000	1362	150	7.942601448364e-06	4.51660557e-10
4875.40544337148	1.1602583158904	86770000000	1210000000	1372	150	8.224136528894e-06	1.957195747e-09
5048.60285391284	0.382817929474738	107810000000	1230000000	1392.75	150	7.941999234288e-06	6.02214076e-10
4941.80764769558	0.825285178305875	95510000000	1240000000	1398.5	150	8.113630245948e-06	1.354981671e-09
5004.86531016124	0.846480893605908	102530000000	1270000000	1424.5	150	8.011404406547e-06	1.354981671e-09
5047.26334665524	0.860883336237295	107890000000	1270000000	1429	150	7.944106983554e-06	1.354981671e-09
4831.71077194503	2.89271508480018	82950000000	1270000000	1430.25	150	8.29850996728e-06	4.968266127e-09
4835.0440751899	2.54559163030586	83050000000	1270000000	1433.25	150	8.292788933558e-06	4.366052051e-09
4724.81944665514	1.84409366874968	70280000000	1280000000	1438	150	8.486250205473e-06	3.312177418e-09
5263.21412125472	6.13682799063316	138340000000	1280000000	1438	150	7.618158614919e-06	8.882657621e-09
4940.1576284476	0.549822774451597	95530000000	1280000000	1441	150	8.11634020929e-06	9.03321114e-10
4873.08603069623	1.33748610225506	86870000000	1290000000	1445	150	8.228050920388e-06	2.258302785e-09
5639.94616271596	6.80792298500264	183700000000	1320000000	1472	150	7.109287720699e-06	8.581550583e-09
4773.7707746977	1.19795642233716	77790000000	1320000000	1473	150	8.399230271491e-06	2.107749266e-09
5725.3025291745	5.53859048977476	198180000000	1330000000	1480	150	7.003298043323e-06	6.774908355e-09
4830.48387110694	4.55590309604892	82950000000	1330000000	1483.5	150	8.300617716546e-06	7.828782988e-09
5046.97640185734	0.191285656421662	107940000000	1340000000	1488.75	150	7.944558644111e-06	3.01107038e-10
4937.4100435597	0.640746575916164	95570000000	1340000000	1490.25	150	8.12085681486e-06	1.053874633e-09
5002.23319903101	1.12745437516899	102630000000	1350000000	1496	150	8.015619905079e-06	1.806642228e-09
5306.94838493564	10.6807306487825	141560000000	1360000000	1505	150	7.555377797496e-06	1.5205905419e-08
4871.65979640027	2.58429307996649	87050000000	1360000000	1506	150	8.230459776692e-06	4.366052051e-09
5187.65627312342	4.44615832360884	127560000000	1370000000	1515	150	7.729116558422e-06	6.624354836e-09
5386.70127524949	2.72380275239654	151450000000	1370000000	1515	150	7.443516532879e-06	3.763837975e-09
4720.54836664912	1.5060773263796	70220000000	1370000000	1519	150	8.493928434942e-06	2.709963342e-09
5177.47035808648	9.26004146550197	123550000000	1370000000	1520	150	7.744322463841e-06	1.3850923748e-08
5260.51114523101	0.623443357721888	138790000000	1370000000	1520	150	7.622073006413e-06	9.03321114e-10
5566.15666080653	2.90831016615803	175660000000	1370000000	1520	150	7.203534223593e-06	3.763837975e-09
5193.92888972639	5.77373326145573	126240000000	1380000000	1525	150	7.719782240244e-06	8.581550583e-09
5045.63775741451	0.382368395689105	108040000000	1380000000	1529.75	150	7.946666393377e-06	6.02214076e-10
4872.90770574176	2.49645800418577	87080000000	1380000000	1530	150	8.228352027426e-06	4.215498532e-09
5249.20958982991	8.69074435402303	135150000000	1380000000	1530	150	7.638483339984e-06	1.2646495596e-08
5246.21092779691	9.09419012402498	135000000000	1390000000	1533.33	150	7.642849392035e-06	1.3248709672e-08
4828.29452581827	3.06369420046846	82990000000	1390000000	1534	150	8.304381554521e-06	5.269373165e-09
4883.1826353547	2.77560391088938	89050000000	1400000000	1541	150	8.211038372741e-06	4.667159089e-09
4935.85443500584	0.365910219990425	95620000000	1400000000	1541.25	150	8.123416224683e-06	6.02214076e-10
4842.07661084343	8.45131730920637	80030000000	1400000000	1542	150	8.280744652038e-06	1.4453137824e-08
4770.09417089859	0.768929064659825	77860000000	1410000000	1550	150	8.405704072808e-06	1.354981671e-09
4916.71862480127	2.36001041676358	89140000000	1410000000	1554	150	8.155032463673e-06	3.914391494e-09
5476.30979087042	2.36474966294372	161720000000	1410000000	1555	150	7.321718736008e-06	3.161623899e-09
5197.78089991042	1.11588254613792	129380000000	1420000000	1566	150	7.714061206522e-06	1.656088709e-09
5000.26093180148	1.31432640616613	102750000000	1430000000	1575.5	150	8.018781528978e-06	2.107749266e-09
4871.30336826182	3.92042266980392	87220000000	1440000000	1579.75	150	8.231061990768e-06	6.624354836e-09
4881.75048574118	2.50552678216026	89020000000	1450000000	1589.75	150	8.213447229045e-06	4.215498532e-09
4935.03127431365	0.0914470458124309	95700000000	1450000000	1590.5	150	8.124771206354e-06	1.50553519e-10
4717.12034838751	2.00518762927611	70620000000	1450000000	1593	150	8.500101129221e-06	3.613284456e-09
5044.01321495474	0.382122213254147	108090000000	1470000000	1603.5	150	7.9492258032e-06	6.02214076e-10
4826.54447796463	3.67376842774451	83640000000	1470000000	1606.7	150	8.307392624901e-06	6.323247798e-09
4870.5906684274	3.74112670215711	87760000000	1470000000	1610.75	150	8.23226641892e-06	6.323247798e-09
4769.23995826815	1.28108949131518	77350000000	1480000000	1613	150	8.407209607998e-06	2.258302785e-09
4767.10576457677	0.4266477316284	77860000000	1490000000	1625	150	8.410973445973e-06	7.52767595e-10
5261.13466248415	1.24718231464826	139150000000	1490000000	1625	150	7.621169685299e-06	1.806642228e-09
5043.44009676192	0.286526536573226	108140000000	1510000000	1645	150	7.950129124314e-06	4.51660557e-10
4879.51443293533	1.251616014311	88430000000	1510000000	1647.25	150	8.21721106702e-06	2.107749266e-09
5130.9873374359	3.16330979285134	119630000000	1520000000	1650	150	7.814480403695e-06	4.817712608e-09
4997.44610353543	1.21907226874504	102840000000	1520000000	1653.25	150	8.023298134548e-06	1.957195747e-09
4917.71729355215	4.26790591618567	89590000000	1530000000	1658	150	8.153376374964e-06	7.076015393e-09
5258.74531533074	0.623024877418539	139910000000	1540000000	1671.25	150	7.624632416236e-06	9.03321114e-10
4826.01971096512	0.699613258815275	83660000000	1550000000	1674.75	150	8.308295946015e-06	1.204428152e-09
4714.86559058192	0.918165943709965	70570000000	1550000000	1676	150	8.504166074234e-06	1.656088709e-09
4932.1980434026	0.182684150726989	95760000000	1550000000	1676	150	8.129438365443e-06	3.01107038e-10
5039.14585815993	0.667423908859236	108030000000	1550000000	1680.33	150	7.956904032669e-06	1.053874633e-09
4877.36974854608	4.55545119727218	88570000000	1560000000	1686	150	8.220824351476e-06	7.678229469e-09
4997.7274437428	0.750282789129885	102970000000	1570000000	1700	150	8.022846473991e-06	1.204428152e-09
4970.76967691235	4.73159232376218	97530000000	1610000000	1730	150	8.066356440982e-06	7.678229469e-09
4930.82829277957	0.912913480852324	95820000000	1620000000	1737.5	150	8.131696668228e-06	1.50553519e-09
4712.19607469497	2.25112873804388	70480000000	1630000000	1748	150	8.508983786842e-06	4.064945013e-09
5255.42461420811	2.28154040398963	139840000000	1630000000	1750	150	7.629450128844e-06	3.312177418e-09
4821.82567938751	3.4919889771604	83350000000	1630000000	1753.75	150	8.315522514927e-06	6.02214076e-09
4762.84310226962	4.17367369514121	77270000000	1640000000	1756	150	8.418501121923e-06	7.377122431e-09
4876.03027791813	3.92803479061128	88690000000	1640000000	1761.25	150	8.223082654261e-06	6.624354836e-09
5035.71572881068	0.856948617983551	108100000000	1660000000	1777.75	150	7.962323959353e-06	1.354981671e-09
4929.82429242379	1.18630427413341	95880000000	1670000000	1788.75	150	8.133352756937e-06	1.957195747e-09
4994.63444262425	1.4050395078835	103040000000	1680000000	1797	150	8.027814740118e-06	2.258302785e-09
4762.50241858354	0.340659317149804	77990000000	1690000000	1801	150	8.419103335999e-06	6.02214076e-10
4875.40544337148	3.1237723889357	88790000000	1690000000	1808	150	8.224136528894e-06	5.269373165e-09
4819.99308194176	1.74466756504208	83760000000	1720000000	1828.75	150	8.318684138826e-06	3.01107038e-09
4709.19648034817	2.16499466861853	70410000000	1730000000	1838	150	8.514403713526e-06	3.914391494e-09
4774.36982807376	6.33364467529773	80860000000	1730000000	1840	150	8.398176396858e-06	1.1140960406e-08
4914.26906575655	0.725433673950112	90150000000	1730000000	1840	150	8.159097408686e-06	1.204428152e-09
5034.09756822944	0.666087308664866	108140000000	1750000000	1855.25	150	7.964883369176e-06	1.053874633e-09
4993.60429283202	1.77898264796296	103170000000	1750000000	1855.75	150	8.029470828827e-06	2.860516861e-09
5254.4914225039	3.42109533279331	140030000000	1760000000	1862	150	7.630805110515e-06	4.968266127e-09
4874.78076894204	3.30142749713278	88840000000	1760000000	1870.25	150	8.225190403527e-06	5.570480203e-09
4927.81751780202	0.911798967120366	95960000000	1780000000	1881.5	150	8.136664934355e-06	1.50553519e-09
4705.70177662044	2.41121901763363	70880000000	1810000000	1908	150	8.520726961324e-06	4.366052051e-09
4965.94998600802	9.6300354007987	98150000000	1820000000	1917	150	8.07418522397e-06	1.5657565976e-08
4759.60857384702	0.0850613631283536	78040000000	1820000000	1922	150	8.424222155645e-06	1.50553519e-10
5032.10009918961	0.570478990933163	108230000000	1830000000	1929.75	150	7.968044993075e-06	9.03321114e-10
4992.48097759134	1.31023964169611	103280000000	1840000000	1934.75	150	8.031277471055e-06	2.107749266e-09
4826.01971096512	4.80984115435502	81220000000	1840000000	1935	150	8.308295946015e-06	8.280443545e-09
4908.02015645302	2.44211606848555	89710000000	1840000000	1936	150	8.169485601497e-06	4.064945013e-09
5254.90613345455	6.22115522596778	139240000000	1840000000	1938	150	7.630202896439e-06	9.03321114e-09
4872.01627670149	1.96078512526403	89060000000	1850000000	1947	150	8.229857562616e-06	3.312177418e-09
4817.72608085402	1.30727010153419	83800000000	1860000000	1956.5	150	8.32259853032e-06	2.258302785e-09
4962.15642990833	9.61532799296578	97430000000	1860000000	1960	150	8.080357918249e-06	1.5657565976e-08
5716.69988944577	3.92672626402783	198700000000	1870000000	1961.43	150	7.013836789653e-06	4.817712608e-09
5550.84303027596	6.71020437599795	176170000000	1870000000	1962.5	150	7.223407288101e-06	8.732104102e-09
4822.6988347176	11.1784120899599	81720000000	1870000000	1963	150	8.314016979737e-06	1.9270850432e-08
4904.13394007311	8.57902854761804	89430000000	1870000000	1966	150	8.175959402814e-06	1.4302584305e-08
5189.88030535525	1.71930713989865	129570000000	1880000000	1977	150	7.725804381004e-06	2.559409823e-09
5141.18948591966	2.28267939801846	120580000000	1890000000	1980	150	7.798973391238e-06	3.462730937e-09
5374.20085861672	2.60272864248126	151670000000	1890000000	1980	150	7.460830187564e-06	3.613284456e-09
5179.88714868443	1.30970597943981	128060000000	1890000000	1985	150	7.740709179385e-06	1.957195747e-09
4924.44616969805	0.637386250284501	96090000000	1900000000	1989.25	150	8.142235414558e-06	1.053874633e-09
4960.86239637907	6.19125976636672	98010000000	1900000000	1991	150	8.082465667515e-06	1.0087085773e-08
4871.57068447585	1.96042647676871	89130000000	1900000000	1995.25	150	8.230610330211e-06	3.312177418e-09
5124.17550601474	9.6619309575835	120140000000	1910000000	1998.33	150	7.824868596506e-06	1.4754244862e-08
4748.74556906033	5.16508531484906	77640000000	1910000000	2000	150	8.443493006077e-06	9.183764659e-09
5170.9361942686	2.91156317244854	123420000000	1910000000	2000	150	7.754108442576e-06	4.366052051e-09
4816.94184647236	11.8487238170385	81470000000	1910000000	2004	150	8.323953511991e-06	2.0475278584e-08
4899.98339986772	0.721222166598133	89450000000	1920000000	2008	150	8.182884864688e-06	1.204428152e-09
5184.82844195791	3.73473995157191	126690000000	1920000000	2010	150	7.733332056954e-06	5.570480203e-09
4700.05466874224	2.73721947036026	70520000000	1930000000	2014	150	8.530964600616e-06	4.968266127e-09
4904.40487173103	5.68987913962497	89770000000	1930000000	2020	150	8.175507742257e-06	9.484871697e-09
5028.67955192708	1.32930861817147	108330000000	1940000000	2028.75	150	7.973464919759e-06	2.107749266e-09
4819.12090600771	8.37137389578641	81340000000	1940000000	2031	150	8.320189674016e-06	1.4453137824e-08
5466.97932360895	2.35669846650494	161830000000	1950000000	2035	150	7.334214678085e-06	3.161623899e-09
5759.72442634162	7.34928828811513	203580000000	1950000000	2037.5	150	6.961444165041e-06	8.882657621e-09
4988.64679409602	1.21478305779134	103440000000	1950000000	2037.75	150	8.037450165334e-06	1.957195747e-09
5186.44396785998	2.5250457487147	131260000000	1960000000	2041.43	150	7.73092320065e-06	3.763837975e-09
5251.69383478487	3.93524936350025	140040000000	1960000000	2045	150	7.634870055528e-06	5.721033722e-09
4921.26129958442	1.27312412355049	96190000000	1970000000	2050.5	150	8.147504787723e-06	2.107749266e-09
5619.35894310694	4.50554162632535	184560000000	1970000000	2052	150	7.135333479486e-06	5.721033722e-09
5293.34163634866	9.15311594145317	141880000000	1970000000	2052.5	150	7.574799201447e-06	1.3098156153e-08
4754.42548110558	0.933638251431045	78140000000	1980000000	2065	150	8.433405920304e-06	1.656088709e-09
5186.8480066531	1.41424594112771	130630000000	1990000000	2069.5	150	7.730320986574e-06	2.107749266e-09
4813.98148599335	10.8769894212022	81630000000	1990000000	2074	150	8.329072331637e-06	1.8819189875e-08
4899.98339986772	7.75313829092993	89530000000	2000000000	2077	150	8.182884864688e-06	1.2947602634e-08
4986.40512543738	2.42738313539359	103500000000	2000000000	2080.25	150	8.04106344979e-06	3.914391494e-09
4812.15484514329	1.04339870883419	81630000000	2000000000	2084	150	8.332233955536e-06	1.806642228e-09
5191.70138698605	1.0120670176198	131190000000	2000000000	2084.14	150	7.723094417662e-06	1.50553519e-09
4813.89447165082	3.30648524912753	83890000000	2010000000	2088.25	150	8.329222885156e-06	5.721033722e-09
4696.24224562882	2.07028841722307	70470000000	2010000000	2089	150	8.53789006249e-06	3.763837975e-09
5027.82514158222	0.759346821458519	108360000000	2010000000	2090.25	150	7.97481990143e-06	1.204428152e-09
4815.11295877075	2.4375910838109	81560000000	2040000000	2115	150	8.32711513589e-06	4.215498532e-09
4905.48889778435	9.39696902561332	89950000000	2040000000	2115	150	8.173701100029e-06	1.5657565976e-08
4805.38229853867	15.1734311689269	81310000000	2050000000	2127	150	8.343977130018e-06	2.6346865825e-08
4921.89794399575	0.727687738901608	96310000000	2060000000	2133	150	8.14645091309e-06	1.204428152e-09
5178.074344285	8.15476487638451	131440000000	2070000000	2145	150	7.743419142727e-06	1.2194835039e-08
5176.06160475794	5.83467578325774	131190000000	2090000000	2163.63	150	7.746430213107e-06	8.732104102e-09
4985.84502301951	1.306758842337	103580000000	2090000000	2164.5	150	8.041966770904e-06	2.107749266e-09
4895.29993657838	3.77918162885619	90580000000	2090000000	2165	150	8.190713647676e-06	6.323247798e-09
4685.25408141038	6.84123091246172	69660000000	2100000000	2169	150	8.557913680517e-06	1.2495942077e-08
4752.89820019292	0.169643366534351	78270000000	2100000000	2169	150	8.436115883646e-06	3.01107038e-10
4690.45258452994	2.89126171994625	70620000000	2110000000	2178	150	8.54842880882e-06	5.269373165e-09
5187.65627312342	0.404196211237167	130640000000	2130000000	2192.86	150	7.729116558422e-06	6.02214076e-10
5025.83264610236	1.51749018394893	108550000000	2130000000	2193.25	150	7.977981525329e-06	2.408856304e-09
5178.98058785023	4.02845409758108	131100000000	2130000000	2194.44	150	7.742064161056e-06	6.02214076e-09
4764.80297974041	5.96729896915283	78390000000	2140000000	2204	150	8.415038390986e-06	1.053874633e-08
4755.35930273387	0.594366844373486	78520000000	2140000000	2210	150	8.431749831595e-06	1.053874633e-09
4695.7454289726	2.15264442403004	70950000000	2150000000	2214	150	8.538793383604e-06	3.914391494e-09
4691.27880481963	3.88391939099035	69740000000	2150000000	2219	150	8.54692327363e-06	7.076015393e-09
4919.80673063769	0.545302133335048	96440000000	2160000000	2219.25	150	8.149913644027e-06	9.03321114e-10
4684.841995314	0.0824099703650788	70670000000	2160000000	2228	150	8.558666448112e-06	1.50553519e-10
4686.65571656654	3.62884685758153	69870000000	2170000000	2232	150	8.555354270694e-06	6.624354836e-09
4687.81063419014	2.7229766762	70640000000	2170000000	2235	150	8.553246521428e-06	4.968266127e-09
4688.71846885812	1.89856736296433	71160000000	2180000000	2245	150	8.551590432719e-06	3.462730937e-09
4807.98486694126	1.30198896960064	83980000000	2190000000	2247.25	150	8.339460524448e-06	2.258302785e-09
4984.44531731785	0.653012618540266	103710000000	2190000000	2253	150	8.044225073689e-06	1.053874633e-09
4880.22974693268	5.00793201327109	91090000000	2200000000	2262	150	8.216006638868e-06	8.430997064e-09
4684.26519654578	4.03709426841515	69990000000	2210000000	2270	150	8.559720322745e-06	7.377122431e-09
5023.74696300172	1.1371732132877	108690000000	2210000000	2270.5	150	7.981293702747e-06	1.806642228e-09
4721.63633985658	7.03160096707654	76030000000	2220000000	2272.8	150	8.491971239195e-06	1.2646495596e-08
5247.8649382177	0.827265946240155	139700000000	2220000000	2275	150	7.640440535731e-06	1.204428152e-09
4792.5840876302	8.71065310150532	82530000000	2230000000	2286	150	8.36625905083e-06	1.5205905419e-08
4679.49146503629	5.67330682071765	70070000000	2240000000	2292	150	8.568452426847e-06	1.0388192811e-08
4916.26481853375	0.907528763666423	96610000000	2280000000	2334	150	8.155785231268e-06	1.50553519e-09
4743.07921192538	1.35154527855398	78340000000	2290000000	2342	150	8.45358009185e-06	2.408856304e-09
4715.95094557771	0.0835080648376696	76580000000	2300000000	2350	150	8.502208878487e-06	1.50553519e-10
4981.46190355218	1.1181105220924	103960000000	2300000000	2352	150	8.049042786297e-06	1.806642228e-09
4879.33563719926	3.93336206142625	90650000000	2330000000	2374	150	8.217512174058e-06	6.624354836e-09
4804.42872926975	0.866709131612894	84160000000	2340000000	2383.5	150	8.345633218727e-06	1.50553519e-09
4789.39517955671	5.16776144682149	84140000000	2370000000	2410	150	8.371829531033e-06	9.03321114e-09
5704.4551534605	5.13177365102364	198370000000	2370000000	2410	150	7.028892141553e-06	6.323247798e-09
5611.66265091153	5.32090476603002	184910000000	2380000000	2422	150	7.145119458221e-06	6.774908355e-09
4740.20891623256	1.09680186371606	78570000000	2390000000	2426.5	150	8.458698911496e-06	1.957195747e-09
5020.33775848009	0.851722743620442	108860000000	2390000000	2427.25	150	7.986713629431e-06	1.354981671e-09
4731.61883504975	1.59721347876817	77090000000	2390000000	2431	150	8.474055370434e-06	2.860516861e-09
4784.23298811882	0.0859437905423109	82690000000	2400000000	2435	150	8.380862742173e-06	1.50553519e-10
4777.36735159937	3.94207577400705	81410000000	2400000000	2439	150	8.392907023693e-06	6.925461874e-09
4978.947424745	1.48930938111647	104140000000	2400000000	2441.75	150	8.05310773131e-06	2.408856304e-09
4878.53121850873	8.75778167488883	91590000000	2400000000	2442	150	8.218867155729e-06	1.4754244862e-08
5122.00741883241	2.65970844504337	120070000000	2410000000	2443	150	7.828180773924e-06	4.064945013e-09
5454.43909618879	1.89906127010075	163870000000	2410000000	2445.71	150	7.351076672213e-06	2.559409823e-09
5750.64557241342	5.71190396292575	205010000000	2410000000	2448.13	150	6.972434571928e-06	6.925461874e-09
5177.67167116298	6.1402875739437	126950000000	2430000000	2463.33	150	7.744021356803e-06	9.183764659e-09
5132.37165885433	5.04424571894107	120630000000	2440000000	2473.33	150	7.812372654429e-06	7.678229469e-09
4783.20188490473	6.01347243922001	83580000000	2450000000	2478.5	150	8.382669384401e-06	1.053874633e-08
4706.03438206125	3.82523292293641	76720000000	2450000000	2480	150	8.520124747248e-06	6.925461874e-09
5178.27570433416	2.41641455355758	130100000000	2450000000	2483	150	7.743118035689e-06	3.613284456e-09
4780.28283793029	3.517879065122	82760000000	2450000000	2486	150	8.387788204047e-06	6.172694279e-09
4877.99508671924	0.0893454784460545	90980000000	2460000000	2489.25	150	8.219770476843e-06	1.50553519e-10
4634.94426992012	4.83983042455982	68520000000	2460000000	2493.17	150	8.65080520174e-06	9.03321114e-09
5170.23349866262	1.90705745325445	128320000000	2460000000	2495	150	7.755162317209e-06	2.860516861e-09
5234.04472514612	9.46351659126709	136190000000	2460000000	2495	150	7.660614707277e-06	1.3850923748e-08
5226.44382027219	9.33348485281256	135740000000	2470000000	2496	150	7.671755667683e-06	1.3700370229e-08
4784.74870644814	1.63328408441305	82840000000	2470000000	2502	150	8.379959421059e-06	2.860516861e-09
5357.5517551722	3.12550796419219	151780000000	2480000000	2510	150	7.48401542949e-06	4.366052051e-09
5535.7284919894	4.02723960132258	176050000000	2490000000	2516.25	150	7.24312979909e-06	5.269373165e-09
4878.53121850873	1.34047678697278	91070000000	2490000000	2521.12	150	8.218867155729e-06	2.258302785e-09
5282.52732762635	8.5918605376341	141840000000	2500000000	2526	150	7.590306213904e-06	1.2345388558e-08
4752.30452257473	4.5792267129251	78710000000	2500000000	2529.2	150	8.437169758279e-06	8.129890026e-09
5156.9184755172	7.98841061965332	123430000000	2510000000	2540.25	150	7.775185935236e-06	1.204428152e-08
4769.23995826815	4.52651620264697	80620000000	2520000000	2545.25	150	8.407209607998e-06	7.979336507e-09
4794.65484012549	2.934833553528	84160000000	2520000000	2545.25	150	8.362645766374e-06	5.118819646e-09
4718.03957181141	8.02387682280851	76080000000	2540000000	2559.33	150	8.498445040512e-06	1.4453137824e-08
4587.04612038598	4.74031634900377	64500000000	2540000000	2560.6	150	8.74113731314e-06	9.03321114e-09
4778.8246500917	2.74398687965071	82930000000	2540000000	2563.3	150	8.39034761387e-06	4.817712608e-09
4630.1094879974	1.36842596133442	68750000000	2540000000	2565.5	150	8.65983841288e-06	2.559409823e-09
4726.99983581424	2.01359571288301	78560000000	2550000000	2571	150	8.482335813979e-06	3.613284456e-09
4737.84775047339	4.12998185037352	77440000000	2570000000	2586.33	150	8.462914410028e-06	7.377122431e-09
4977.73765489057	1.95376877469865	105140000000	2580000000	2597.33	150	8.055064927057e-06	3.161623899e-09
4773.94191746482	2.13936128375106	82900000000	2600000000	2612	150	8.398929164453e-06	3.763837975e-09
4791.29077538203	1.20676568958079	84040000000	2610000000	2628.25	150	8.368517353615e-06	2.107749266e-09
4906.75420066714	2.26005223237612	97620000000	2620000000	2637.88	150	8.171593350763e-06	3.763837975e-09
4841.63647807752	4.31290903750066	88970000000	2630000000	2642.5	150	8.281497419633e-06	7.377122431e-09
4730.35821299107	6.21741190673947	76700000000	2640000000	2647.8	150	8.476313673219e-06	1.1140960406e-08
5014.85487317322	1.79415599808483	109210000000	2650000000	2657	150	7.995445733533e-06	2.860516861e-09
4916.26481853375	1.36129314549964	97300000000	2650000000	2657.75	150	8.155785231268e-06	2.258302785e-09
4829.9582471819	4.90528947845823	87700000000	2650000000	2662.8	150	8.30152103766e-06	8.430997064e-09
4874.78076894204	3.56911080771112	91150000000	2650000000	2664.4	150	8.225190403527e-06	6.02214076e-09
4721.38522460662	5.77534357711418	76150000000	2670000000	2674.8	150	8.492422899752e-06	1.0388192811e-08
4904.67583332616	2.34846356660184	97590000000	2670000000	2678.25	150	8.1750560817e-06	3.914391494e-09
4890.44580685318	2.78386683338441	95210000000	2670000000	2681.8	150	8.198843537702e-06	4.667159089e-09
4898.81169409749	5.31646997060153	95930000000	2690000000	2699.8	150	8.184842060435e-06	8.882657621e-09
5014.09955284967	1.22721065964503	109510000000	2690000000	2700.25	150	7.996650161685e-06	1.957195747e-09
4783.80330775992	1.20299695194422	84250000000	2690000000	2700.6	150	8.381615509768e-06	2.107749266e-09
4797.33221200775	3.80226276372766	85330000000	2700000000	2703.5	150	8.357978607285e-06	6.624354836e-09
5013.81636638447	1.22707204267853	109590000000	2700000000	2707.5	150	7.997101822242e-06	1.957195747e-09
4975.9705868542	2.04535243284616	105300000000	2710000000	2710.2	150	8.057925443918e-06	3.312177418e-09
4976.5284727859	1.9528196787597	105140000000	2710000000	2713	150	8.057022122804e-06	3.161623899e-09
4836.44894761941	7.90470354276226	88520000000	2710000000	2718	150	8.290380077254e-06	1.354981671e-08
4814.59067448135	4.17782110736685	86620000000	2720000000	2726.5	150	8.328018457004e-06	7.226568912e-09
4902.96024870874	2.07603390563709	97620000000	2720000000	2728	150	8.177916598561e-06	3.462730937e-09
4853.72512756716	3.53834527251115	90450000000	2730000000	2732.25	150	8.26087158753e-06	6.02214076e-09
5007.97099942855	0.941701955514958	110060000000	2730000000	2732.75	150	8.00643614042e-06	1.50553519e-09
4722.97607245403	2.76398252125384	78940000000	2730000000	2734.6	150	8.489562382891e-06	4.968266127e-09
4945.66198235116	2.38787765164587	101680000000	2740000000	2738.75	150	8.10730699815e-06	3.914391494e-09
4925.81237630366	2.73317127432833	99060000000	2740000000	2740.83	150	8.139977111773e-06	4.51660557e-09
4980.43717974362	2.32843867101003	105600000000	2750000000	2751.33	150	8.050698875006e-06	3.763837975e-09
4910.37295111474	3.6214192902371	97320000000	2770000000	2766.75	150	8.165571210003e-06	6.02214076e-09
4869.70008684605	3.47263308442121	91550000000	2770000000	2770.5	150	8.23377195411e-06	5.871587241e-09
4877.19110994415	3.75127324135909	94140000000	2790000000	2786.75	150	8.221125458514e-06	6.323247798e-09
5004.95936536139	1.50491148323277	110270000000	2790000000	2787.25	150	8.011253853028e-06	2.408856304e-09
4950.07430485131	3.49620504041392	102340000000	2790000000	2788	150	8.100080429238e-06	5.721033722e-09
4778.48167634855	0.771635538219704	84450000000	2790000000	2789.75	150	8.390949827946e-06	1.354981671e-09
4859.03845556669	3.28013907783192	91110000000	2800000000	2797.8	150	8.25183837639e-06	5.570480203e-09
4801.57029080176	6.23288250347468	85490000000	2810000000	2802	150	8.350601484854e-06	1.0839853368e-08
4846.48234367467	5.55627434218052	89870000000	2830000000	2821	150	8.273216976088e-06	9.484871697e-09
5149.93807768902	2.19086973951268	123190000000	2830000000	2821.67	150	7.785724681566e-06	3.312177418e-09
4868.72082319538	1.78012132253355	91550000000	2840000000	2834.75	150	8.235428042819e-06	3.01107038e-09
4862.94229539514	3.28541184182924	92160000000	2850000000	2842	150	8.245214021554e-06	5.570480203e-09
5694.08829533931	4.38269004173897	198130000000	2850000000	2842.5	150	7.041689190668e-06	5.419926684e-09
4957.26114491866	3.32181894901854	103720000000	2880000000	2869.8	150	8.088337254756e-06	5.419926684e-09
4950.16631195722	3.77236145778416	102840000000	2910000000	2889	150	8.099929875719e-06	6.172694279e-09
4935.4885519099	2.65245581077792	100940000000	2910000000	2890.75	150	8.124018438759e-06	4.366052051e-09
5163.31713357135	1.20123702215696	128780000000	2920000000	2904	150	7.76555051002e-06	1.806642228e-09
5339.93459015941	3.31912363746524	151030000000	2930000000	2913.33	150	7.508706206606e-06	4.667159089e-09
5435.62531124194	3.10632518399001	163310000000	2930000000	2915	150	7.376520216924e-06	4.215498532e-09
5521.26830063874	5.60871852415827	176420000000	2940000000	2923.33	150	7.262099542484e-06	7.377122431e-09
5264.98295408845	9.2634723017925	141240000000	2960000000	2940	150	7.615599205096e-06	1.3399263191e-08
5215.49227928894	11.8478204683831	136140000000	3010000000	2981.67	150	7.687864894216e-06	1.7464208204e-08
5592.68999894184	2.58377110408905	185460000000	3010000000	2983.33	150	7.16935857478e-06	3.312177418e-09
4925.26580270394	4.46318910237074	99920000000	3040000000	3009	150	8.140880432887e-06	7.377122431e-09
4558.46737213491	3.27700310881943	65490000000	3050000000	3018.5	150	8.795938794056e-06	6.323247798e-09
4978.01678036655	1.67484676722613	105980000000	3060000000	3027	150	8.0546132665e-06	2.709963342e-09
5172.24170728108	4.21887614740062	127110000000	3070000000	3032.5	150	7.752151246829e-06	6.323247798e-09
5291.23830786184	1.57686954121407	144340000000	3070000000	3037.78	150	7.577810271827e-06	2.258302785e-09
4978.29593714807	1.86114957367631	106250000000	3210000000	3163.4	150	8.054161605943e-06	3.01107038e-09
4518.94286501417	5.44404756793088	64740000000	3400000000	3330.6	150	8.872871642265e-06	1.0689299849e-08
4988.45991139601	1.21469204405762	112870000000	3400000000	3332.25	150	8.037751272372e-06	1.957195747e-09
