rho[kg/m^3]	drho[kg/m^3]	P[Pa]	dP[Pa]	T[K]	V[m^3/mol]	dV[m^3/mol]
3576.03075840292	4.58242620789538	29790173513.1513	5600000.00000116	300	1.12124315222353e-05	1.4367924532246e-08
3581.70002366411	0.657652342758343	29828967409.8847	5600000.00000116	300	1.11946840145986e-05	2.055507194907e-09
3581.50838523886	0.495703041771469	30755831176.5268	5600000.00000116	300	1.11952830168582e-05	1.549496817548e-09
3530.53040561477	1.92391356570873	31555223415.2465	1869280000	1964	1.13569337729632e-05	6.188803505533e-09
3525.75191490287	2.94926791249668	31773956774.2759	2042880000	2119	1.13723259513863e-05	9.512874651534e-09
3531.72637737828	0.351116687430443	31808960666.9595	2079840000	2152	1.13530878996817e-05	1.128699731943e-09
3617.22136182757	0	31895486522.5663	5600000.00000116	300	1.10847515231254e-05	0
3630.27853280724	6.20808610043435	33281951494.8983	5600000.00000116	300	1.10448825448648e-05	1.8887691726145e-08
3610.3766221127	3.23560476518167	34757774490.0695	1204000000	1370	1.11057665713935e-05	9.952942587571e-09
3605.23441910544	1.23640469399229	34813623213.2698	1313760000	1468	1.11216069023187e-05	3.814122850346e-09
3604.2731149	3.62358177460645	34817619520.313	1382080000	1529	1.11245731723947e-05	1.1184169265953e-08
3612.20054086405	3.48976765229092	34859325112.7348	1276800000	1435	1.1100158904912e-05	1.072392715837e-08
3614.01793019924	2.43843016505524	34937959933.7613	1316000000	1470	1.10945769430063e-05	7.485671518199e-09
3689.37730631027	3.21822130236593	40073918375.5617	5600000.00000116	300	1.08679586474986e-05	9.480053984392e-09
3640.37313933527	7.88235577948421	40396372664.4962	1551200000	1680	1.10142555351679e-05	2.3848731284233e-08
3651.33878907376	3.36731131627331	40761772053.983	1778560000	1883	1.09811776765232e-05	1.0126982455535e-08
3635.1791189996	0.984326954315873	41049151066.6931	1420720000	1563.5	1.10299929349931e-05	2.986680709922e-09
3634.76214811338	0.503559371666079	41185959059.0784	1398506666.66667	1543.66666666667	1.10312582683882e-05	1.528268771369e-09
3633.24595427874	1.14362469576369	41312064542.9122	1378272000	1525.6	1.10358617348161e-05	3.473721343887e-09
3637.84924352368	6.32971142341879	41429960848.5145	2162720000	2226	1.10218970924596e-05	1.9177657803739e-08
3691.68559146844	1.04663750506729	41771803648.1278	5600000.00000116	300	1.08611632834233e-05	3.079271124107e-09
3697.06753268293	1.70820560480391	41774927223.1763	5600000.00000116	300	1.08453523354773e-05	5.011023326396e-09
3665.0611033549	7.70970272476151	41865336921.9489	1170400000	1340	1.09400631720156e-05	2.3013159253783e-08
3676.99921740962	3.35002836073675	41870395513.2347	1089760000	1268	1.09045440668456e-05	9.934876165291e-09
3630.62456542852	0.251726479032358	42211349451.4856	1424080000	1566.5	1.10438298638206e-05	7.65715197634e-10
3629.38373507186	0.327277970695869	42385961675.1459	1871706666.66667	1966.16666666667	1.10476055790243e-05	9.96212635223e-10
3703.57120786388	0.565140770351487	42735341995.5548	5600000.00000116	300	1.0826307298983e-05	1.652023763987e-09
3702.90866798653	1.13646718618211	43033761435.2312	5600000.00000116	300	1.08282443870813e-05	3.323318378406e-09
3650.19071358433	3.2331678363676	43169288151.4014	2372160000	2413	1.09846315291914e-05	9.729671718894e-09
3649.590655673	16.321114580033	43202907041.8977	1936065600	2023.63	1.09864375988781e-05	4.9131785943979e-08
3718.07166805349	13.8775782850299	43255049890.675	5600000.00000116	300	1.07840847567608e-05	4.0251236072245e-08
3656.75538323255	3.57121643786725	43291782147.3406	2360736000	2402.8	1.09649117312724e-05	1.0708420145913e-08
3642.45508603244	14.8097711428368	43346107790.9449	1891680000	1984	1.10079600305174e-05	4.4757001788877e-08
3657.48839000907	2.7428126192915	43507055666.7171	2539040000	2562	1.09627142247472e-05	8.221125458514e-09
3647.27289052096	1.10756805771656	44257723234.1267	2820574400	2813.37	1.09934192487234e-05	3.338373730306e-09
3643.86397753877	1.46774963449596	44297181661.6438	2903812800	2887.69	1.10037038284515e-05	4.43229559936e-09
3655.79410143242	0.408235600088324	44485290786.9175	2696960000	2703	1.09677949270419e-05	1.224752877065e-09
3645.74711854893	1.18469640256126	44524951560.2	2980544000	2956.2	1.09980200755007e-05	3.573839434022e-09
3652.58963820691	1.19596044688609	44780568893.6542	2856436800	2845.39	1.09774171126663e-05	3.594314712606e-09
3642.5334839094	0.981936924493664	44791398452.5572	3055796800	3023.39	1.10077231073155e-05	2.96740985949e-09
3662.50383295762	0.792121724465343	44793338083.3134	2312800000	2360	1.09477018533578e-05	2.367755193313e-09
3662.13795082575	0.240756491208504	44906564005.0277	2534560000	2558	1.09487956320594e-05	7.19796374339e-10
3756.62219567231	2.12967687017437	48933153535.2146	5600000.00000116	300	1.0673418276182e-05	6.050896482129e-09
3807.96159114391	1.76229020770173	53708499744.0924	5600000.00000116	300	1.0529517969207e-05	4.872965749473e-09
3814.55720903968	4.56532143666292	54163804761.7435	5600000.00000116	300	1.05113117467425e-05	1.2580101494121e-08
3816.88985600644	3.07757641402912	54425321152.7127	5600000.00000116	300	1.05048878832338e-05	8.47014097894e-09
3767.25921434763	2.14830906404674	54527977568.2358	2355360000	2398	1.06432814198965e-05	6.069414564966e-09
3814.90740181029	6.23455475799914	54536551421.2146	5600000.00000116	300	1.05103468516623e-05	1.717665098271e-08
3769.50139882581	1.40232648977905	54626508272.1839	2552480000	2574	1.0636950555978e-05	3.957148693396e-09
3770.41518882309	1.25664199674046	55028488817.0109	2648800000	2660	1.0634372606725e-05	3.544330944298e-09
3798.40889892307	2.76158900761459	55050767096.6821	1285760000	1443	1.05559988581977e-05	7.674616184544e-09
3814.54609251083	3.14242029365594	55054607327.2998	5600000.00000116	300	1.05113423792994e-05	8.659236198804e-09
3794.0432136365	1.60609097835037	55084894754.9368	1404480000	1549	1.05681453115472e-05	4.473697817085e-09
3790.0671870962	2.1657708001854	55288032588.9168	1513120000	1646	1.05792319820905e-05	6.045326001926e-09
3786.24530051073	0.97907549142871	55312282469.2511	1636320000	1756	1.05899108001775e-05	2.738417957091e-09
3782.9204803327	3.04383566161815	55469429270.5143	1776320000	1881	1.0599218304603e-05	8.528405190793e-09
3779.65720229485	3.54758338760155	55675527275.6625	1909600000	2000	1.06083694509797e-05	9.957007532584e-09
3828.80509456329	1.76638796519831	55746613769.0795	5600000.00000116	300	1.04721966800907e-05	4.83126242471e-09
3775.47098794288	2.6205964956686	55905401371.2313	2066400000	2140	1.06201319326908e-05	7.371551950797e-09
3778.09830803221	1.15768424098854	56009460517.2112	2181760000	2243	1.06127466071373e-05	3.2519560104e-09
3775.79995509187	2.03606311450303	56185775086.9516	2815680000	2809	1.06192066520707e-05	5.726303095165e-09
3778.58399826006	0.722612878225481	56261880249.8834	2289280000	2339	1.0611382469852e-05	2.029310882601e-09
3780.14590550892	1.96907028428411	56282108405.8602	2591680000	2609	1.06069979842754e-05	5.525163593781e-09
3780.65117042814	1.49001098799771	56362897134.9497	2461760000	2493	1.0605580412609e-05	4.179817347997e-09
3817.90524844125	1.97330223673375	56943382705.2652	1225280000	1389	1.05020940518024e-05	5.428056574026e-09
3816.27523175315	2.17548379295621	56966125376.9419	1312640000	1467	1.05065797315621e-05	5.989320092858e-09
3818.57031697753	1.82933784516656	56986385008.9804	1183840000	1352	1.05002649346881e-05	5.030294176828e-09
3815.77473032059	1.24310432967729	57047782912.8727	1367520000	1516	1.05079578417962e-05	3.423285915022e-09
3815.11864992135	0.90208570457272	57124175069.1999	1439200000	1580	1.05097648800062e-05	2.485036384614e-09
3759.37922149872	4.80513721204384	57124587573.8015	2637600000	2650	1.0665590683351e-05	1.3632470591931e-08
3790.49705780716	0.515373361687456	57158020430.1281	2772033600	2770.03	1.05780322180743e-05	1.438237767007e-09
3813.64301885414	1.20594641275043	57185154557.6417	1579200000	1705	1.05138314734155e-05	3.324673360077e-09
3810.93550768273	3.24913785066746	57276545447.9317	1648640000	1767	1.05213011133796e-05	8.970279769058e-09
3808.99323387694	2.0305075724428	57335107994.1785	1756160000	1863	1.05266661130791e-05	5.611581313687e-09
3791.31288863976	2.22089691972671	57443373799.2897	2499840000	2527	1.05757559921111e-05	6.195126753331e-09
3806.12386105893	1.48067509559412	57474373119.355	1995840000	2077	1.05346019897641e-05	4.098217340699e-09
3806.40928300799	2.93742192160792	57504565050.5911	1910720000	2001	1.05338120572033e-05	8.128986704886e-09
3797.22085805401	2.34092324692752	57573321965.8686	2597280000	2614	1.05593015257344e-05	6.509633054522e-09
3803.54250494371	2.50017059283691	57656991124.0965	2125760000	2193	1.05417515245024e-05	6.929376265494e-09
3801.41713287861	3.4386279095441	57684399558.2814	2187360000	2248	1.05476454170757e-05	9.541028159587e-09
3767.04055985971	1.03390758227031	57684733002.4178	3214400000	3165	1.06438991996129e-05	2.921340482676e-09
3800.77540483686	2.192996897151	57711421054.6765	2274720000	2326	1.05494262957432e-05	6.08687877317e-09
3786.20402577438	0.732097170271143	57721733180.8377	2873920000	2861	1.05900262445047e-05	2.047678411919e-09
3794.99530651245	1.37366318693853	57723688050.426	2768640000	2767	1.05654939628496e-05	3.824360489638e-09
3794.68894622306	1.68325242165048	57735311995.1614	2640960000	2653	1.05663469570828e-05	4.687032153508e-09
3762.29719371825	1.23757720442426	57837089338.3309	3267040000	3212	1.06573186368548e-05	3.505638689915e-09
3782.64839704837	2.55229150993367	57857962631.172	3045280000	3014	1.05999806990486e-05	7.152195473614e-09
3798.32046951198	1.25250562046187	57922414292.5889	2550240000	2572	1.05562446143865e-05	3.480947912799e-09
3793.378317404	3.04858529528775	58032449857.3136	2705920000	2711	1.05699976762243e-05	8.494681202537e-09
3774.44047164053	1.51149148272462	58082362510.018	3197600000	3150	1.06230314933468e-05	4.254040232864e-09
3770.48633456647	1.19530156855362	58117632628.9519	3208800000	3160	1.06341719455165e-05	3.371194397448e-09
3861.88174074996	0	59216178277.7249	5600000.00000116	300	1.03825033213507e-05	0
3835.19136862254	22.5506609254552	59736400565.7599	1350720000	1501	1.04547586146662e-05	6.1473260110485e-08
3831.58266602166	22.155500072557	59907322525.3858	1445920000	1586	1.04646052284269e-05	6.0509868142404e-08
3830.95649998498	25.4500866308017	60090323559.8219	1534400000	1665	1.04663156577625e-05	6.9530583340327e-08
3849.33119240097	0	60292644696.4362	1673280000	1789	1.0416354944764e-05	0
3840.99996825203	0	60342426594.9463	1878240000	1972	1.0438948276859e-05	0
3844.12907897217	0	60363884034.0042	1786400000	1890	1.0430451001068e-05	0
3800.34674460543	1.18160850354471	60491492839.3223	1934240000	2022	1.05506162186164e-05	3.280410625491e-09
3919.71081340201	2.96149826233617	64436099298.3073	5599999.99999405	300	1.02293260673483e-05	7.728664897865e-09
3872.67997961899	5.57110176462221	64456914239.9958	2316720000	2363.5	1.03535536659409e-05	1.489425963467e-08
3874.11805663212	2.7824916919179	64601997959.8476	2536240000	2559.5	1.03497104150865e-05	7.433429447106e-09
3869.31873602466	1.70581411627247	64879002514.3882	2838240000	2829.14285714286	1.03625477081257e-05	4.568395980536e-09
3869.07232241118	1.25907492748825	64950610194.5922	2728880000	2731.5	1.03632076784268e-05	3.3723988256e-09
