# Manual transcription of Dorogokupets et al. (2015) thermodynamic table for ringwoodite.
# Only the authors' DeltaG* column is retained; the Holland & Powell comparison DeltaG** column is excluded.
P[GPa]	T[K]	x=V/V0	alpha[1e-6/K]	S[J/mol/K]	Cp[J/mol/K]	Cv[J/mol/K]	KT[GPa]	KS[GPa]	gamma_th	Kprime	DeltaG_author[kJ/mol]
0.0001	298	1.00000	18.909	81.916	116.470	115.680	187.40	188.68	1.210	3.98	-2163.296
0.0001	500	1.00452	24.894	151.829	150.974	148.721	183.30	186.08	1.217	4.00	-2187.194
0.0001	1000	1.01864	30.074	265.509	173.916	167.661	171.88	178.30	1.241	4.06	-2294.146
0.0001	1500	1.03491	33.284	337.767	182.435	171.579	159.82	169.93	1.267	4.14	-2446.041
0.0001	2000	1.05314	36.633	391.206	189.410	172.966	147.28	161.28	1.298	4.24	-2628.840
14	298	0.93652	13.576	73.368	109.858	109.368	241.18	242.26	1.107	3.72	-1628.781
14	500	0.93960	18.301	140.403	146.502	145.026	237.51	239.93	1.112	3.74	-1650.620
14	1000	0.94931	22.040	251.573	170.590	166.452	227.18	232.82	1.128	3.77	-1751.127
14	1500	0.96029	23.874	322.313	178.006	170.991	216.31	225.18	1.146	3.81	-1895.667
14	2000	0.97222	25.524	374.212	182.877	172.613	205.13	217.33	1.165	3.86	-2070.361
20	298	0.91449	12.083	70.560	107.560	107.146	263.28	264.29	1.072	3.64	-1409.485
20	500	0.91719	16.439	136.589	144.947	143.676	259.75	262.05	1.077	3.65	-1430.640
20	1000	0.92571	19.818	246.932	169.591	166.004	249.75	255.15	1.090	3.68	-1528.994
20	1500	0.93531	21.360	317.244	176.824	170.775	239.24	247.72	1.106	3.72	-1671.102
20	2000	0.94566	22.680	368.748	181.263	172.484	228.46	240.09	1.122	3.76	-1843.163
