# Manual transcription of Dorogokupets et al. (2015) thermodynamic table for forsterite.
# Only the authors' DeltaG* column is retained; the Holland & Powell comparison DeltaG** column is excluded.
P[GPa]	T[K]	x=V/V0	alpha[1e-6/K]	S[J/mol/K]	Cp[J/mol/K]	Cv[J/mol/K]	KT[GPa]	KS[GPa]	gamma_th	Kprime	DeltaG_author[kJ/mol]
0.0001	298.15	1.00000	22.599	94.315	118.793	117.945	127.40	128.32	1.066	4.30	-2200.673
0.0001	500	1.00539	29.750	164.928	151.725	149.329	123.34	125.31	1.079	4.33	-2227.164
0.0001	1000	1.02270	37.750	279.083	174.889	167.791	111.52	116.24	1.121	4.42	-2340.791
0.0001	1500	1.04399	44.894	352.020	185.214	171.653	98.39	106.16	1.173	4.55	-2499.623
0.0001	2000	1.07013	54.722	406.763	196.501	173.028	83.87	95.24	1.240	4.72	-2689.840
14	298.15	0.91345	13.167	84.299	111.560	111.179	184.49	185.12	0.872	3.90	-1617.780
14	500	0.91634	17.564	151.613	146.272	145.154	181.26	182.66	0.878	3.91	-1641.871
14	1000	0.92549	21.494	262.314	169.553	166.345	171.82	175.13	0.897	3.95	-1747.875
14	1500	0.93604	23.810	332.547	176.532	170.914	161.59	166.90	0.920	4.00	-1897.657
14	2000	0.94780	26.154	383.976	181.098	172.558	150.82	158.28	0.946	4.05	-2077.348
