rho[kg/m^3]	P[Pa]	T[K]	V[m^3/mol]	s[J/mol/K]	cp[J/mol/K]	cv[J/mol/K]	alpha[1/K]	KT[Pa]	KS[Pa]	gamma	Kprime	g[J/mol]
4148.29338843	100000	298.15	2.42e-05	57.692	82.797	81.889	2.2274e-05	253700000000	256510000000	1.67	4.03	-1447898
4126.0539576	100000	500	2.4330438e-05	107.696	108.594	105.912	2.9962e-05	245550000000	251760000000	1.69	4.05	-1464800
4055.46382155	100000	1000	2.4753938e-05	190.267	127.817	119.782	3.82e-05	222450000000	237370000000	1.756	4.14	-1541119
3971.90125375	100000	1500	2.5274722e-05	244.037	137.962	122.64	4.5288e-05	197050000000	221670000000	1.839	4.25	-1650432
3874.30270139	100000	2000	2.5911424e-05	285.274	150.004	123.646	5.484e-05	169120000000	205170000000	1.944	4.39	-1783111
5495.73857135	125000000000	298.15	1.8266644e-05	32.859	59.918	59.85	4.242e-06	690830000000	691620000000	0.894	3.21	1128920
5468.71450587	125000000000	1000	1.835691e-05	145.205	115.363	114.498	8.361e-06	674570000000	679670000000	0.904	3.22	1062451
5419.9134919	125000000000	2000	1.8522196e-05	228.71	124.174	122.059	9.389e-06	647380000000	658590000000	0.922	3.24	871196
5367.45773934	125000000000	3000	1.8703212e-05	279.657	127.059	123.545	1.006e-05	618910000000	636510000000	0.943	3.26	615391
5311.99132884	125000000000	4000	1.8898506e-05	316.509	129.211	124.069	1.0743e-05	589410000000	613840000000	0.965	3.28	316477
