rho[kg/m^3]	P[Pa]	T[K]	V[m^3/mol]	s[J/mol/K]	cp[J/mol/K]	cv[J/mol/K]	alpha[1/K]	KT[Pa]	KS[Pa]	gamma	Kprime	g[J/mol]
3470.47607301	100000	298.15	4.054e-05	86.184	118.179	117.338	2.0295e-05	169000000000	170210000000	1.185	4.14	-2172996
3453.72550432	100000	500	4.0736619e-05	156.754	151.89	149.498	2.6735e-05	164320000000	166950000000	1.197	4.16	-2197835
3401.66048147	100000	1000	4.13601242e-05	270.972	174.789	167.893	3.3235e-05	150950000000	157150000000	1.236	4.24	-2307400
3341.39787317	100000	1500	4.21060602e-05	343.75	184.378	171.696	3.8375e-05	136350000000	146420000000	1.283	4.34	-2462147
3272.92247257	100000	2000	4.29869944e-05	398.039	193.797	173.044	4.4744e-05	120580000000	135040000000	1.34	4.46	-2648132
3727.60635971	14000000000	298.15	3.77435508e-05	77.204	111.413	110.962	1.3345e-05	224660000000	225570000000	1.02	3.84	-1626176
3715.63357638	14000000000	500	3.78651708e-05	144.776	147.085	145.745	1.7904e-05	220740000000	222770000000	1.027	3.85	-1648856
3678.30002439	14000000000	1000	3.824949e-05	256.065	170.45	166.637	2.1819e-05	209410000000	214200000000	1.049	3.89	-1751603
3636.25283999	14000000000	1500	3.86917814e-05	326.708	177.707	171.067	2.4085e-05	197220000000	204880000000	1.074	3.93	-1898366
3590.72960757	14000000000	2000	3.91823154e-05	378.53	182.693	172.653	2.6357e-05	184430000000	195160000000	1.103	3.99	-2075236
3823.6683153	20000000000	298.15	3.67953202e-05	74.428	109.213	108.85	1.1559e-05	247430000000	248250000000	0.967	3.75	-1402617
3812.95575932	20000000000	500	3.68986972e-05	141.027	145.554	144.457	1.5621e-05	243730000000	245580000000	0.972	3.76	-1424624
3779.48692391	20000000000	1000	3.72254496e-05	251.46	169.329	166.203	1.8983e-05	233000000000	237380000000	0.991	3.79	-1525247
3742.07594511	20000000000	1500	3.75976068e-05	321.596	176.234	170.853	2.0754e-05	221490000000	228460000000	1.012	3.83	-1669577
3701.92011884	20000000000	2000	3.80054392e-05	372.907	180.529	172.523	2.2424e-05	209470000000	219200000000	1.035	3.87	-1843766
