# Manual transcription of Dorogokupets et al. (2015) thermodynamic table for wadsleyite.
# Only the authors' DeltaG* column is retained; the Holland & Powell comparison DeltaG** column is excluded.
P[GPa]	T[K]	x=V/V0	alpha[1e-6/K]	S[J/mol/K]	Cp[J/mol/K]	Cv[J/mol/K]	KT[GPa]	KS[GPa]	gamma_th	Kprime	DeltaG_author[kJ/mol]
0.0001	298.15	1.00000	20.295	86.184	118.179	117.338	169.00	170.21	1.185	4.14	-2172.996
0.0001	500	1.00485	26.735	156.754	151.890	149.498	164.32	166.95	1.197	4.16	-2197.835
0.0001	1000	1.02023	33.235	270.972	174.789	167.893	150.95	157.15	1.236	4.24	-2307.400
0.0001	1500	1.03863	38.375	343.750	184.378	171.696	136.35	146.42	1.283	4.34	-2462.147
0.0001	2000	1.06036	44.744	398.039	193.797	173.044	120.58	135.04	1.340	4.46	-2648.132
14	298.15	0.93102	13.345	77.204	111.413	110.962	224.66	225.57	1.020	3.84	-1626.176
14	500	0.93402	17.904	144.776	147.085	145.745	220.74	222.77	1.027	3.85	-1648.856
14	1000	0.94350	21.819	256.065	170.450	166.637	209.41	214.20	1.049	3.89	-1751.603
14	1500	0.95441	24.085	326.708	177.707	171.067	197.22	204.88	1.074	3.93	-1898.366
14	2000	0.96651	26.357	378.530	182.693	172.653	184.43	195.16	1.103	3.99	-2075.236
20	298.15	0.90763	11.559	74.428	109.213	108.850	247.43	248.25	0.967	3.75	-1402.617
20	500	0.91018	15.621	141.027	145.554	144.457	243.73	245.58	0.972	3.76	-1424.624
20	1000	0.91824	18.983	251.460	169.329	166.203	233.00	237.38	0.991	3.79	-1525.247
20	1500	0.92742	20.754	321.596	176.234	170.853	221.49	228.46	1.012	3.83	-1669.577
20	2000	0.93748	22.424	372.907	180.529	172.523	209.47	219.20	1.035	3.87	-1843.766
