rho[kg/m^3]	P[Pa]	T[K]	V[m^3/mol]	s[J/mol/K]	cp[J/mol/K]	cv[J/mol/K]	alpha[1/K]	KT[Pa]	KS[Pa]	gamma	Kprime	g[J/mol]
3809.81783681	100000	298.15	2.635e-05	52.099	79.532	78.245	2.7584e-05	215300000000	218840000000	2	4.91	-1523997
3784.01088259	100000	500	2.6529707e-05	101.094	108.098	104.075	3.833e-05	206410000000	214390000000	2.017	4.96	-1539636
3700.07365229	100000	1000	2.7131541e-05	184.812	131.85	119.414	5.0232e-05	181650000000	200570000000	2.073	5.13	-1612845
3599.09105551	100000	1500	2.78927925e-05	241.037	146.571	122.573	6.0841e-05	154960000000	185290000000	2.145	5.37	-1720010
3478.99975053	100000	2000	2.88556215e-05	285.635	165.782	123.67	7.6087e-05	126050000000	168970000000	2.238	5.73	-1851984
4031.72392145	14000000000	298.15	2.4899696e-05	43.911	72.136	71.381	1.9014e-05	281410000000	284390000000	1.866	4.56	-1165800
4012.44637895	14000000000	500	2.5019325e-05	89.463	102.291	99.73	2.736e-05	273520000000	280540000000	1.877	4.59	-1179394
3948.81616585	14000000000	1000	2.542248e-05	169.422	125.895	117.919	3.5336e-05	251280000000	268270000000	1.914	4.68	-1245744
3874.67997967	14000000000	1500	2.5908901e-05	222.545	136.313	121.83	4.0456e-05	227710000000	254780000000	1.959	4.8	-1344457
3791.91997453	14000000000	2000	2.6474372e-05	263.069	146.068	123.212	4.6107e-05	203050000000	240710000000	2.012	4.94	-1466230
4114.62959739	20000000000	298.15	2.4397992e-05	41.278	69.579	68.954	1.6684e-05	308480000000	311270000000	1.821	4.46	-1017936
4097.19510121	20000000000	500	2.4501811e-05	85.63	100.288	98.101	2.4356e-05	300900000000	307610000000	1.83	4.48	-1030862
4039.20424594	20000000000	1000	2.48535835e-05	164.396	124.22	117.343	3.1468e-05	279410000000	295790000000	1.862	4.55	-1094953
3971.9529565	20000000000	1500	2.5274393e-05	216.723	133.885	121.546	3.5608e-05	256700000000	282760000000	1.901	4.65	-1190953
3897.79097921	20000000000	2000	2.57552805e-05	256.36	142.118	123.041	3.9861e-05	233090000000	269230000000	1.945	4.76	-1309600
