rho[kg/m^3]	P[Pa]	T[K]	V[m^3/mol]	s[J/mol/K]	cp[J/mol/K]	cv[J/mol/K]	alpha[1/K]	KT[Pa]	KS[Pa]	gamma	Kprime	g[J/mol]
3221.73345546	100000	298.15	4.367e-05	94.315	118.793	117.945	2.2599e-05	127400000000	128320000000	1.066	4.3	-2200673
3204.46140847	100000	500	4.39053813e-05	164.928	151.725	149.329	2.975e-05	123340000000	125310000000	1.079	4.33	-2227164
3150.22338463	100000	1000	4.4661309e-05	279.083	174.889	167.791	3.775e-05	111520000000	116240000000	1.121	4.42	-2340791
3085.9811449	100000	1500	4.55910433e-05	352.02	185.214	171.653	4.4894e-05	98390000000	106160000000	1.173	4.55	-2499623
3010.60007239	100000	2000	4.67325771e-05	406.763	196.501	173.028	5.4722e-05	83870000000	95240000000	1.24	4.72	-2689840
3526.99486065	14000000000	298.15	3.98903615e-05	84.299	111.56	111.179	1.3167e-05	184490000000	185120000000	0.872	3.9	-1617780
3515.87124371	14000000000	500	4.00165678e-05	151.613	146.272	145.154	1.7564e-05	181260000000	182660000000	0.878	3.91	-1641871
3481.11103898	14000000000	1000	4.04161483e-05	262.314	169.553	166.345	2.1494e-05	171820000000	175130000000	0.897	3.95	-1747875
3441.87583379	14000000000	1500	4.08768668e-05	332.547	176.532	170.914	2.381e-05	161590000000	166900000000	0.92	4	-1897657
3399.17013659	14000000000	2000	4.1390426e-05	383.976	181.098	172.558	2.6154e-05	150820000000	158280000000	0.946	4.05	-2077348
