rho[kg/m^3]	P[Pa]	T[K]	V[m^3/mol]	s[J/mol/K]	cp[J/mol/K]	cv[J/mol/K]	alpha[1/K]	KT[Pa]	KS[Pa]	gamma	Kprime	g[J/mol]
4105.87730061	100000	298.15	2.445e-05	57.692	82.827	81.889	2.2594e-05	252000000000	254890000000	1.7	4.38	-1472498
4083.41849887	100000	500	2.4584475e-05	107.735	108.739	105.924	3.0747e-05	242180000000	248610000000	1.728	4.41	-1489403
4010.23323789	100000	1000	2.50331325e-05	190.597	128.755	119.808	4.093e-05	213350000000	229280000000	1.825	4.52	-1565801
3918.86887777	100000	1500	2.5616754e-05	245.127	141.384	122.676	5.1997e-05	180070000000	207530000000	1.955	4.66	-1675441
3802.05507923	100000	2000	2.64037995e-05	288.214	161.448	123.696	7.1277e-05	140720000000	183670000000	2.141	4.89	-1809057
4315.66161155	14000000000	298.15	2.32614855e-05	51.433	77.714	77.188	1.5596e-05	311490000000	313610000000	1.464	4.14	-1138881
4299.12287379	14000000000	500	2.33509725e-05	99.118	104.727	103.081	2.1554e-05	303300000000	308140000000	1.481	4.15	-1154255
4245.73170291	14000000000	1000	2.3644617e-05	179.177	123.871	118.816	2.7675e-05	279170000000	291050000000	1.537	4.21	-1225587
4182.50071369	14000000000	1500	2.4002076e-05	230.969	131.716	122.154	3.2447e-05	252250000000	272000000000	1.608	4.28	-1328866
4109.32913709	14000000000	2000	2.4429462e-05	269.879	139.437	123.346	3.8468e-05	222570000000	251610000000	1.696	4.38	-1454452
4396.39080501	20000000000	298.15	2.2834344e-05	49.417	75.989	75.563	1.3636e-05	336050000000	337940000000	1.385	4.06	-1000614
4381.61215343	20000000000	500	2.29113615e-05	96.312	103.419	102.064	1.8976e-05	328390000000	332740000000	1.399	4.07	-1015490
4333.7913898	20000000000	1000	2.31641745e-05	175.546	122.601	118.46	2.4182e-05	305710000000	316400000000	1.446	4.12	-1085188
4277.80216982	20000000000	1500	2.34673545e-05	226.692	129.629	121.972	2.7842e-05	280600000000	298220000000	1.503	4.17	-1186492
4214.35479298	20000000000	2000	2.3820657e-05	264.798	135.669	123.229	3.2108e-05	253290000000	278860000000	1.572	4.25	-1309749
5401.47512381	125000000000	298.15	1.8585423e-05	34.783	61.965	61.917	3.444e-06	722310000000	722860000000	0.747	3.44	1138336
5380.31174323	125000000000	1000	1.86585285e-05	148.66	115.627	115.054	6.597e-06	706150000000	709670000000	0.756	3.45	1069736
5342.50751514	125000000000	2000	1.87905585e-05	232.046	123.593	122.198	7.394e-06	678720000000	686460000000	0.772	3.47	875045
5301.73712697	125000000000	3000	1.8935058e-05	282.651	125.923	123.6	7.932e-06	649770000000	661980000000	0.79	3.48	616069
5258.4171776	125000000000	4000	1.9091049e-05	319.099	127.506	124.095	8.491e-06	619570000000	636600000000	0.809	3.5	314359
