# Manual transcription of Dorogokupets et al. (2015) thermodynamic table for akimotoite.
# Only the authors' DeltaG* column is retained; the Holland & Powell comparison DeltaG** column is excluded.
P[GPa]	T[K]	x=V/V0	alpha[1e-6/K]	S[J/mol/K]	Cp[J/mol/K]	Cv[J/mol/K]	KT[GPa]	KS[GPa]	gamma_th	Kprime	DeltaG_author[kJ/mol]
0.0001	298.15	1.00000	27.584	52.099	79.532	78.245	215.30	218.84	2.000	4.91	-1523.997
0.0001	500	1.00682	38.330	101.094	108.098	104.075	206.41	214.39	2.017	4.96	-1539.636
0.0001	1000	1.02966	50.232	184.812	131.850	119.414	181.65	200.57	2.073	5.13	-1612.845
0.0001	1500	1.05855	60.841	241.037	146.571	122.573	154.96	185.29	2.145	5.37	-1720.010
0.0001	2000	1.09509	76.087	285.635	165.782	123.670	126.05	168.97	2.238	5.73	-1851.984
14	298.15	0.94496	19.014	43.911	72.136	71.381	281.41	284.39	1.866	4.56	-1165.800
14	500	0.94950	27.360	89.463	102.291	99.730	273.52	280.54	1.877	4.59	-1179.394
14	1000	0.96480	35.336	169.422	125.895	117.919	251.28	268.27	1.914	4.68	-1245.744
14	1500	0.98326	40.456	222.545	136.313	121.830	227.71	254.78	1.959	4.80	-1344.457
14	2000	1.00472	46.107	263.069	146.068	123.212	203.05	240.71	2.012	4.94	-1466.230
20	298.15	0.92592	16.684	41.278	69.579	68.954	308.48	311.27	1.821	4.46	-1017.936
20	500	0.92986	24.356	85.630	100.288	98.101	300.90	307.61	1.830	4.48	-1030.862
20	1000	0.94321	31.468	164.396	124.220	117.343	279.41	295.79	1.862	4.55	-1094.953
20	1500	0.95918	35.608	216.723	133.885	121.546	256.70	282.76	1.901	4.65	-1190.953
20	2000	0.97743	39.861	256.360	142.118	123.041	233.09	269.23	1.945	4.76	-1309.600
