# Manual transcription of Dorogokupets et al. (2015) thermodynamic table for bridgmanite.
# Only the authors' DeltaG* column is retained; the Holland & Powell comparison DeltaG** column is excluded.
P[GPa]	T[K]	x=V/V0	alpha[1e-6/K]	S[J/mol/K]	Cp[J/mol/K]	Cv[J/mol/K]	KT[GPa]	KS[GPa]	gamma_th	Kprime	DeltaG_author[kJ/mol]
0.0001	298.15	1.00000	22.594	57.692	82.827	81.889	252.00	254.89	1.700	4.38	-1472.498
0.0001	500	1.00550	30.747	107.735	108.739	105.924	242.18	248.61	1.728	4.41	-1489.403
0.0001	1000	1.02385	40.930	190.597	128.755	119.808	213.35	229.28	1.825	4.52	-1565.801
0.0001	1500	1.04772	51.997	245.127	141.384	122.676	180.07	207.53	1.955	4.66	-1675.441
0.0001	2000	1.07991	71.277	288.214	161.448	123.696	140.72	183.67	2.141	4.89	-1809.057
14	298.15	0.95139	15.596	51.433	77.714	77.188	311.49	313.61	1.464	4.14	-1138.881
14	500	0.95505	21.554	99.118	104.727	103.081	303.30	308.14	1.481	4.15	-1154.255
14	1000	0.96706	27.675	179.177	123.871	118.816	279.17	291.05	1.537	4.21	-1225.587
14	1500	0.98168	32.447	230.969	131.716	122.154	252.25	272.00	1.608	4.28	-1328.866
14	2000	0.99916	38.468	269.879	139.437	123.346	222.57	251.61	1.696	4.38	-1454.452
20	298.15	0.93392	13.636	49.417	75.989	75.563	336.05	337.94	1.385	4.06	-1000.614
20	500	0.93707	18.976	96.312	103.419	102.064	328.39	332.74	1.399	4.07	-1015.490
20	1000	0.94741	24.182	175.546	122.601	118.460	305.71	316.40	1.446	4.12	-1085.188
20	1500	0.95981	27.842	226.692	129.629	121.972	280.60	298.22	1.503	4.17	-1186.492
20	2000	0.97426	32.108	264.798	135.669	123.229	253.29	278.86	1.572	4.25	-1309.749
125	298.15	0.76014	3.444	34.783	61.965	61.917	722.31	722.86	0.747	3.44	1138.336
125	1000	0.76313	6.597	148.660	115.627	115.054	706.15	709.67	0.756	3.45	1069.736
125	2000	0.76853	7.394	232.046	123.593	122.198	678.72	686.46	0.772	3.47	875.045
125	3000	0.77444	7.932	282.651	125.923	123.600	649.77	661.98	0.790	3.48	616.069
125	4000	0.78082	8.491	319.099	127.506	124.095	619.57	636.60	0.809	3.50	314.359
