# Manual transcription of Dorogokupets et al. (2015) thermodynamic table for postperovskite.
# Only the authors' DeltaG* column is retained; the Holland & Powell comparison DeltaG** column is excluded.
P[GPa]	T[K]	x=V/V0	alpha[1e-6/K]	S[J/mol/K]	Cp[J/mol/K]	Cv[J/mol/K]	KT[GPa]	KS[GPa]	gamma_th	Kprime	DeltaG_author[kJ/mol]
0.0001	298.15	1.00000	22.274	57.692	82.797	81.889	253.70	256.51	1.670	4.03	-1447.898
0.0001	500	1.00539	29.962	107.696	108.594	105.912	245.55	251.76	1.690	4.05	-1464.800
0.0001	1000	1.02289	38.200	190.267	127.817	119.782	222.45	237.37	1.756	4.14	-1541.119
0.0001	1500	1.04441	45.288	244.037	137.962	122.640	197.05	221.67	1.839	4.25	-1650.432
0.0001	2000	1.07072	54.840	285.274	150.004	123.646	169.12	205.17	1.944	4.39	-1783.111
125	298.15	0.75482	4.242	32.859	59.918	59.850	690.83	691.62	0.894	3.21	1128.920
125	1000	0.75855	8.361	145.205	115.363	114.498	674.57	679.67	0.904	3.22	1062.451
125	2000	0.76538	9.389	228.710	124.174	122.059	647.38	658.59	0.922	3.24	871.196
125	3000	0.77286	10.060	279.657	127.059	123.545	618.91	636.51	0.943	3.26	615.391
125	4000	0.78093	10.743	316.509	129.211	124.069	589.41	613.84	0.965	3.28	316.477
