rho[kg/m^3]	P[Pa]	T[K]	V[m^3/mol]	s[J/mol/K]	cp[J/mol/K]	cv[J/mol/K]	alpha[1/K]	KT[Pa]	KS[Pa]	gamma	Kprime	g[J/mol]
3561.85063291	100000	298	3.95e-05	81.916	116.47	115.68	1.8909e-05	187400000000	188680000000	1.21	3.98	-2163296
3545.82351064	100000	500	3.967854e-05	151.829	150.974	148.721	2.4894e-05	183300000000	186080000000	1.217	4	-2187194
3496.67265463	100000	1000	4.023628e-05	265.509	173.916	167.661	3.0074e-05	171880000000	178300000000	1.241	4.06	-2294146
3441.70085603	100000	1500	4.0878945e-05	337.767	182.435	171.579	3.3284e-05	159820000000	169930000000	1.267	4.14	-2446041
3382.12453512	100000	2000	4.159903e-05	391.206	189.41	172.966	3.6633e-05	147280000000	161280000000	1.298	4.24	-2628840
3803.28304031	14000000000	298	3.699254e-05	73.368	109.858	109.368	1.3576e-05	241180000000	242260000000	1.107	3.72	-1628781
3790.81591412	14000000000	500	3.71142e-05	140.403	146.502	145.026	1.8301e-05	237510000000	239930000000	1.112	3.74	-1650620
3752.04162277	14000000000	1000	3.7497745e-05	251.573	170.59	166.452	2.204e-05	227180000000	232820000000	1.128	3.77	-1751127
3709.14060639	14000000000	1500	3.7931455e-05	322.313	178.006	170.991	2.3874e-05	216310000000	225180000000	1.146	3.81	-1895667
3663.62616785	14000000000	2000	3.840269e-05	374.212	182.877	172.613	2.5524e-05	205130000000	217330000000	1.165	3.86	-2070361
3894.90386217	20000000000	298	3.6122355e-05	70.56	107.56	107.146	1.2083e-05	263280000000	264290000000	1.072	3.64	-1409485
3883.43814576	20000000000	500	3.6229005e-05	136.589	144.947	143.676	1.6439e-05	259750000000	262050000000	1.077	3.65	-1430640
3847.69596624	20000000000	1000	3.6565545e-05	246.932	169.591	166.004	1.9818e-05	249750000000	255150000000	1.09	3.68	-1528994
3808.20330469	20000000000	1500	3.6944745e-05	317.244	176.824	170.775	2.136e-05	239240000000	247720000000	1.106	3.72	-1671102
3766.52352104	20000000000	2000	3.735357e-05	368.748	181.263	172.484	2.268e-05	228460000000	240090000000	1.122	3.76	-1843163
