V[Angstrom^3/atom]	T[K]	P[GPa]	dP[GPa]	E[eV/atom]	dE[eV/atom]
199.441277	249500.983	55.382	1.064	-664.141446	6.6112316
199.441277	499001.967	144.233	1.046	-610.816203	2.07600274
199.441277	748502.95	255.747	1.058	-203.584236	3.09075879
199.441277	1010478.98	400.007	0.938	333.536737	2.85946203
199.441277	2020957.97	941.046	0.863	1674.03414	2.03745238
199.441277	3109166.1	1474.275	0.662	2689.902	1.46941474
199.441277	5052394.91	2422.302	1.005	4475.11505	2.03971909
199.441277	10104789.8	4877.762	1.52	9069.11324	2.94903374
199.441277	14697913.7	7104.7	2.485	13224.4798	4.91732294
199.441277	49746683.1	24070.723	12.966	44900.3913	24.3677944
199.441277	161676389	78392.187	31.899	146351.731	59.6394162
4.77787351	1010478.98	13493.472	27.992	-313.400312	0.983011247
4.77787351	2020957.97	33466.102	11.89	944.53435	0.605453294
4.77787351	5052394.91	96987.965	15.603	4078.07828	0.717700253
4.77787351	16167705.1	322840.034	209.395	14265.932	9.4355474
4.77787351	129341641	2614001.02	1734.506	116794.76	77.6646914
4.77787351	304332393	6163586.68	3413.763	275577.635	152.985802
4.77787351	646705556	13082212.3	3211.441	585064.607	143.869989
2.34636796	499001.967	12953.277	58.306	-758.517329	1.25852651
2.34636796	748502.95	19791.23	80.979	-590.144624	1.70524764
2.34636796	1010478.98	27635.164	81.991	-368.324224	1.72792288
2.34636796	2020957.97	65969.748	52.453	762.291774	1.12813772
2.34636796	3109166.1	112032.554	43.41	1969.0509	1.18482992
2.34636796	5052394.91	194543.116	64.418	3921.47223	1.7165839
2.34636796	10104789.8	405562.605	162.675	8661.18851	3.8447427
2.34636796	14697913.7	594630.468	238.739	12841.0226	5.52844709
2.34636796	49746683.1	2041670.68	1145.778	44691.0678	25.0344733
2.34636796	161676389	6653589.34	2549.2	146023.759	56.1019362
1.57846805	1010478.98	41860.555	246.693	-391.837127	3.66786871
1.57846805	2020957.97	97081.281	259.59	668.217486	3.95472023
1.57846805	3109166.1	163774.616	306.997	1840.74695	4.77673261
1.57846805	5052394.91	286609.019	265.879	3815.36371	3.93091027
1.57846805	10104789.8	601561.209	524.274	8589.4559	7.73597062
1.57846805	14697913.7	886428.024	953.794	12839.7085	14.0614827
1.57846805	49746683.1	3034642.46	3889.414	44667.0435	57.5860914
1.57846805	161676389	9902448.07	8572.57	146192.54	126.70074
