P[Pa]	T[K]	V[m^3/mol]	u[J/mol]
40476915000	2000	3.24611741244608e-06	-821342.884962146
46749595000	3000	3.24611741244608e-06	-796794.82432323
53824061000	4000	3.24611741244608e-06	-770688.768713559
62498152000	5000	3.24611741244608e-06	-743821.564440101
68151400000	6000	3.24611741244608e-06	-714075.525382373
80271411000	7000	3.24611741244608e-06	-676972.42957787
71326652000	2000	3.07964985051726e-06	-814900.383732968
77902835000	3000	3.07964985051726e-06	-789373.220818971
85956538000	4000	3.07964985051726e-06	-764140.040028274
92622201000	5000	3.07964985051726e-06	-737613.128907828
100743851000	6000	3.07964985051726e-06	-707424.718110261
111059252000	7000	3.07964985051726e-06	-673677.369613913
105733268000	2000	2.92942302663134e-06	-803867.258023921
112544207000	3000	2.92942302663134e-06	-778179.452821059
118906601000	4000	2.92942302663134e-06	-753415.657733488
127231113000	5000	2.92942302663134e-06	-726627.087076004
135194030000	6000	2.92942302663134e-06	-698044.911985546
143734771000	7000	2.92942302663134e-06	-665737.945734655
156021765000	8000	2.92942302663134e-06	-623781.60298963
143345278000	2000	2.79317079717608e-06	-788930.17464666
150519247000	3000	2.79317079717608e-06	-763367.796516145
158794582000	4000	2.79317079717608e-06	-738269.400910158
166311339000	5000	2.79317079717608e-06	-711732.069373842
174428075000	6000	2.79317079717608e-06	-684076.798958641
183600533000	7000	2.79317079717608e-06	-652927.619063949
188869885000	2000	2.65898481841484e-06	-768210.430070134
196520213000	3000	2.65898481841484e-06	-743271.809349876
203093446000	4000	2.65898481841484e-06	-717696.405699524
212845640000	5000	2.65898481841484e-06	-691602.796697697
219916848000	6000	2.65898481841484e-06	-663986.504426967
228989795000	7000	2.65898481841484e-06	-633484.334907575
239555670000	8000	2.65898481841484e-06	-598657.350279487
231919757000	2000	2.55545413166467e-06	-747218.606505552
239034974000	3000	2.55545413166467e-06	-723276.935917112
247119870000	4000	2.55545413166467e-06	-697627.723882245
255612735000	5000	2.55545413166467e-06	-671230.773679903
262609885000	6000	2.55545413166467e-06	-644164.913826429
270935215000	7000	2.55545413166467e-06	-614656.316487377
282335342000	2000	2.45114988286745e-06	-722535.759717073
289369744000	3000	2.45114988286745e-06	-697656.379061032
297309335000	4000	2.45114988286745e-06	-672254.643219383
304017605000	5000	2.45114988286745e-06	-645727.249672276
313087042000	6000	2.45114988286745e-06	-619081.375996736
322162572000	7000	2.45114988286745e-06	-590132.569187303
328688249000	8000	2.45114988286745e-06	-557977.273054243
341072738000	9000	2.45114988286745e-06	-518874.776357321
335641809000	2000	2.35502635698639e-06	-694292.912926307
343189945000	3000	2.35502635698639e-06	-669123.79550158
350748371000	4000	2.35502635698639e-06	-643681.923691473
357141789000	5000	2.35502635698639e-06	-617717.696695757
368563712000	6000	2.35502635698639e-06	-591325.571724875
374470996000	7000	2.35502635698639e-06	-562193.448573527
392973795000	2000	2.26615743910471e-06	-663439.836867369
400979709000	3000	2.26615743910471e-06	-638323.785410456
408535205000	4000	2.26615743910471e-06	-612610.122138585
415855986000	5000	2.26615743910471e-06	-586819.563916424
423579389000	6000	2.26615743910471e-06	-560200.319227697
433474706000	7000	2.26615743910471e-06	-531653.167347947
441557943000	8000	2.26615743910471e-06	-500883.258750739
449408939000	9000	2.26615743910471e-06	-463175.991093546
453617688000	2000	2.183751711528e-06	-628580.144676545
460468870000	3000	2.183751711528e-06	-604768.339485729
470216177000	4000	2.183751711528e-06	-578935.713658763
476767756000	5000	2.183751711528e-06	-553029.4733828
484635236000	6000	2.183751711528e-06	-526746.565948467
492226751000	7000	2.183751711528e-06	-498120.780452743
519318723000	2000	2.10712884699248e-06	-594163.402172699
526544353000	3000	2.10712884699248e-06	-568891.435243341
535750400000	4000	2.10712884699248e-06	-542769.363068538
544258380000	5000	2.10712884699248e-06	-516837.844600412
550371446000	6000	2.10712884699248e-06	-490374.99781079
558217641000	7000	2.10712884699248e-06	-462396.994573022
567995720000	8000	2.10712884699248e-06	-432339.703482398
575266072000	9000	2.10712884699248e-06	-395224.450526047
590172339000	2000	2.03363264782885e-06	-553075.784412512
597561705000	3000	2.03363264782885e-06	-528168.906401669
604704387000	4000	2.03363264782885e-06	-503312.680295632
611194345000	5000	2.03363264782885e-06	-477410.299432954
622007849000	6000	2.03363264782885e-06	-450851.838573757
627306291000	7000	2.03363264782885e-06	-422937.80318148
660261764000	2000	1.96895646397803e-06	-513772.894434743
666172392000	3000	1.96895646397803e-06	-489003.310227246
673837749000	4000	1.96895646397803e-06	-464061.698461692
683391296000	5000	1.96895646397803e-06	-438075.85875158
690661674000	6000	1.96895646397803e-06	-411646.87734868
698882894000	7000	1.96895646397803e-06	-383555.218249084
708969609000	8000	1.96895646397803e-06	-354181.214088931
717039641000	9000	1.96895646397803e-06	-319334.257961946
814988424000	2000	1.8477899079015e-06	-426836.262150616
821937311000	3000	1.8477899079015e-06	-402191.043676812
829596817000	4000	1.8477899079015e-06	-376301.011971793
837928593000	5000	1.8477899079015e-06	-350172.475279737
843653851000	6000	1.8477899079015e-06	-324243.367980061
855824425000	7000	1.8477899079015e-06	-296582.212924453
862909455000	8000	1.8477899079015e-06	-266989.097329021
871127814000	9000	1.8477899079015e-06	-231840.827158349
