V[Angstrom^3/atom]	T[K]	P[GPa]	E[eV/atom]
0.75	100000	28461.766	98.401756
0.75	10000	23571.36	70.353101
0.75	20000	24376.7714	73.841995
0.75	30000	24911.5044	76.73596
0.75	40000	25416.4686	79.604654
0.75	50000	25918.1504	82.548466
0.75	60000	26421.0823	85.558668
0.75	70000	26923.0649	88.639468
0.75	80000	27431.9808	91.819332
0.75	90000	27948.3776	95.079027
0.76	100000	27739.9493	96.931928
0.76	10000	22882.2085	68.793167
0.76	20000	23706.9175	72.387772
0.76	30000	24233.1753	75.26825
0.76	40000	24742.4784	78.180614
0.76	50000	25234.2161	81.108389
0.76	60000	25724.1123	84.091876
0.76	70000	26219.7143	87.170686
0.76	80000	26709.7371	90.282816
0.76	90000	27230.6451	93.609045
0.78	100000	26397.3402	94.231856
0.78	10000	21714.7287	66.104718
0.78	20000	22450.6656	69.619758
0.78	30000	22963.4338	72.500506
0.78	40000	23458.3405	75.403401
0.78	50000	23947.2119	78.35962
0.78	60000	24408.7458	81.277189
0.78	70000	24897.6922	84.384571
0.78	80000	25378.7614	87.514942
0.78	90000	25888.2482	90.848983
0.79	100000	25750.9066	92.884241
0.79	10000	21162.9904	65.031218
0.79	20000	21862.202	68.321779
0.79	30000	22367.416	71.188505
0.79	40000	22851.5426	74.068107
0.79	50000	23325.9337	76.978573
0.79	60000	23805.3055	80.00039
0.79	70000	24272.545	83.034978
0.79	80000	24761.5367	86.241965
0.79	90000	25249.5769	89.498805
0.81	100000	24547.3894	90.378662
0.81	10000	19974.3205	62.209501
0.81	20000	20739.632	65.761513
0.81	30000	21241.0733	68.654401
0.81	40000	21705.3294	71.499651
0.81	50000	22172.1235	74.431198
0.81	60000	22635.117	77.429169
0.81	70000	23102.0634	80.510853
0.81	80000	23566.7205	83.658006
0.81	90000	24061.4217	87.011559
0.82	100000	23966.7869	89.134222
0.82	10000	19634.9189	61.42816
0.82	20000	20214.6019	64.554875
0.82	30000	20698.6987	67.400097
0.82	40000	21163.2538	70.27091
0.82	50000	21624.4463	73.204438
0.82	60000	22077.9318	76.188269
0.82	70000	22535.9738	79.255179
0.82	80000	23002.283	82.419381
0.82	90000	23485.8589	85.749861
0.84	100000	22880.7854	86.79136
0.84	10000	18644.446	59.086075
0.84	20000	19214.1926	62.217863
0.84	30000	19688.4143	65.065868
0.84	40000	20131.3503	67.875944
0.84	50000	20578.7072	70.799589
0.84	60000	21031.506	73.822212
0.84	70000	21484.3774	76.913435
0.84	80000	21938.5893	80.085465
0.84	90000	22412.9975	83.417816
0.86	100000	21869.2466	84.583413
0.86	10000	17725.7824	56.833029
0.86	20000	18287.5008	60.005477
0.86	30000	18744.5249	62.832672
0.86	40000	19186.272	65.684114
0.86	50000	19620.4714	68.583409
0.86	60000	20052.4459	71.556969
0.86	70000	20493.576	74.6454
0.86	80000	20946.5658	77.867595
0.86	90000	21399.1294	81.143531
0.88	100000	20918.6809	82.453611
0.88	10000	16920.7791	54.83973
0.88	20000	17415.0185	57.883956
0.88	30000	17858.6467	60.676484
0.88	40000	18294.2047	63.546283
0.88	50000	18717.7299	66.440238
0.88	60000	19145.8014	69.436256
0.88	70000	19571.7688	72.49599
0.88	80000	20009.8202	75.694017
0.88	90000	20456.6908	79.001458
0.91	100000	19612.4624	79.49584
0.91	10000	15749.4482	51.926913
0.91	20000	16218.1686	54.895462
0.91	30000	16649.1402	57.69212
0.91	40000	17061.9505	60.511854
0.91	50000	17471.7153	63.411792
0.91	60000	17884.0817	66.394664
0.91	70000	18302.4407	69.491537
0.91	80000	18727.4432	72.688676
0.91	90000	19162.3971	76.017189
0.93	100000	18808.3975	77.620293
0.93	10000	15023.02	50.011223
0.93	20000	15482.7623	53.017575
0.93	30000	15903.148	55.803848
0.93	40000	16306.3821	58.621372
0.93	50000	16717.1496	61.556887
0.93	60000	17112.5573	64.497255
0.93	70000	17522.5684	67.603737
0.93	80000	17940.2315	70.812354
0.93	90000	18371.9814	74.17263
0.96	100000	17700.3617	75.029222
0.96	10000	14032.8591	47.305716
0.96	20000	14471.7979	50.383687
0.96	30000	14875.664	53.152366
0.96	40000	15265.3351	55.954787
0.96	50000	15657.2467	58.86159
0.96	60000	16048.1266	61.855593
0.96	70000	16439.6391	64.913187
0.96	80000	16853.9658	68.189488
0.96	90000	17266.2318	71.516199
0.99	100000	16680.0613	72.562701
0.99	10000	13130.2564	44.676004
0.99	20000	13544.129	47.887032
0.99	30000	13937.2868	50.65886
0.99	40000	14316.4878	53.472543
0.99	50000	14690.818	56.337563
0.99	60000	15073.4745	59.350112
0.99	70000	15464.1821	62.477142
0.99	80000	15854.325	65.674829
0.99	90000	16263.3828	69.06499
1.02	100000	15752.5135	70.289702
1.02	10000	12296.9371	42.50958
1.02	20000	12705.2318	45.587687
1.02	30000	13077.4989	48.318024
1.02	40000	13450.6748	51.145909
1.02	50000	13812.2175	54.009326
1.02	60000	14185.2752	57.027064
1.02	70000	14562.7447	60.137041
1.02	80000	14955.7973	63.429958
1.02	90000	15350.1902	66.798489
1.06	100000	14632.0209	67.483693
1.06	10000	11296.4847	39.652559
1.06	20000	11689.7621	42.720773
1.06	30000	12050.2719	45.457592
1.06	40000	12405.9104	48.262942
1.06	50000	12761.4489	51.159057
1.06	60000	13122.1156	54.175428
1.06	70000	13477.4636	57.254592
1.06	80000	13853.4183	60.536211
1.06	90000	14239.605	63.947238
1.1	100000	13634.0575	64.933584
1.1	10000	10411.4629	36.994206
1.1	20000	10789.0657	40.111364
1.1	30000	11138.1311	42.826809
1.1	40000	11481.5351	45.638162
1.1	50000	11819.702	48.519582
1.1	60000	12164.7323	51.519995
1.1	70000	12511.6648	54.626794
1.1	80000	12876.7381	57.917214
1.1	90000	13250.511	61.357025
1.15	100000	12519.4052	61.988416
1.15	10000	9429.5141	33.834863
1.15	20000	9791.78352	37.10915
1.15	30000	10123.5625	39.813603
1.15	40000	10450.3874	42.610219
1.15	50000	10780.0684	45.52322
1.15	60000	11102.5851	48.484453
1.15	70000	11441.1128	51.63622
1.15	80000	11796.5173	54.967642
1.15	90000	12150.5818	58.386097
1.21	100000	11362.5868	58.842199
1.21	10000	8411.75879	30.375703
1.21	20000	8756.84984	33.865296
1.21	30000	9074.05297	36.582027
1.21	40000	9381.70618	39.35281
1.21	50000	9695.65543	42.261606
1.21	60000	10009.1062	45.271012
1.21	70000	10331.3271	48.431489
1.21	80000	10665.2897	51.752541
1.21	90000	11009.1049	55.228448
1.28	100000	10213.8428	55.666806
1.28	10000	7407.6771	27.468145
1.28	20000	7735.28736	30.541567
1.28	30000	8034.45788	33.249956
1.28	40000	8322.82071	36.007457
1.28	50000	8620.25782	38.916147
1.28	60000	8916.62548	41.933052
1.28	70000	9227.41895	45.14174
1.28	80000	9544.65553	48.48084
1.28	90000	9873.63566	51.98256
1.36	100000	9108.8048	52.511296
1.36	10000	6457.55916	24.380754
1.36	20000	6762.16083	27.234869
1.36	30000	7037.1947	29.891132
1.36	40000	7312.20771	32.660399
1.36	50000	7586.4623	35.541819
1.36	60000	7878.67725	38.649887
1.36	70000	8166.32704	41.844044
1.36	80000	8471.30905	45.228083
1.36	90000	8781.7364	48.761504
1.47	100000	7863.59169	48.79771
1.47	10000	5403.06256	20.61738
1.47	20000	5677.20209	23.334097
1.47	30000	5927.5397	25.964129
1.47	40000	6186.11488	28.770191
1.47	50000	6442.78526	31.675157
1.47	60000	6708.94729	34.74896
1.47	70000	6984.94841	38.009251
1.47	80000	7269.77897	41.445403
1.47	90000	7562.25162	45.042291
1.62	100000	6560.51056	44.812378
1.62	10000	4308.6428	16.377455
1.62	20000	4550.9685	19.020409
1.62	30000	4778.75565	21.646228
1.62	40000	5011.28945	24.433649
1.62	50000	5252.52143	27.417203
1.62	60000	5495.84197	30.522372
1.62	70000	5745.79943	33.79907
1.62	80000	6009.99327	37.304688
1.62	90000	6280.60675	40.974137
1.82	100000	5297.56974	40.845308
1.82	10000	3265.23993	11.971145
1.82	20000	3474.99393	14.580399
1.82	30000	3681.53026	17.228656
1.82	40000	3887.19181	20.012266
1.82	50000	4099.43477	22.976079
1.82	60000	4323.00735	26.169651
1.82	70000	4554.87878	29.556612
1.82	80000	4793.81203	33.127753
1.82	90000	5037.33826	36.859263
2.16	100000	3882.39386	36.22462
2.16	10000	2146.64863	6.748585
2.16	20000	2317.12018	9.324045
2.16	30000	2487.52452	11.970261
2.16	40000	2667.02008	14.81455
2.16	50000	2850.73086	17.846126
2.16	60000	3043.0043	21.11768
2.16	70000	3243.58417	24.618852
2.16	80000	3449.13689	28.290902
2.16	90000	3659.97116	32.146458
2.88	100000	2350.43951	31.366582
2.88	10000	1014.38183	0.670639
2.88	20000	1138.79328	3.304133
2.88	30000	1270.13452	5.985922
2.88	40000	1407.0724	8.906289
2.88	50000	1550.23564	12.089435
2.88	60000	1700.07883	15.519771
2.88	70000	1856.51966	19.192122
2.88	80000	2015.57678	23.059435
2.88	90000	2180.94491	27.117642
5.39030478	100000	877.058897	28.779962
5.39030478	10000	146.737084	-4.58964573
5.39030478	20000	216.413138	-1.82995048
5.39030478	30000	287.579967	1.02008482
5.39030478	40000	363.8458	4.20901111
5.39030478	50000	444.23887	7.7113672
5.39030478	60000	525.007075	11.467902
5.39030478	70000	609.802974	15.4839644
5.39030478	80000	696.047029	19.7168767
5.39030478	8000	132.153596	-5.22425109
5.39030478	90000	785.316741	24.1607722
5.39030478	9000	140.018128	-4.88527812
4.86442138	100000	1019.55065	28.7033835
4.86442138	10000	207.655046	-4.24576391
4.86442138	20000	285.71549	-1.50608302
4.86442138	30000	366.545097	1.34185036
4.86442138	40000	449.62666	4.46063493
4.86442138	50000	537.560511	7.91194468
4.86442138	60000	627.662435	11.6142983
4.86442138	70000	723.300498	15.5934009
4.86442138	80000	819.744771	19.7812937
4.86442138	90000	919.091946	24.1575863
4.86442138	9000	200.551415	-4.5691714
4.41534817	100000	1179.13362	28.7537468
4.41534817	10000	285.06017	-3.78934776
4.41534817	20000	371.698217	-1.05520568
4.41534817	30000	459.424483	1.76004676
4.41534817	40000	552.197768	4.85664105
4.41534817	50000	648.018104	8.25648347
4.41534817	60000	746.695269	11.8914243
4.41534817	70000	851.07921	15.8129877
4.41534817	80000	959.729863	19.9568529
4.41534817	90000	1069.47086	24.2877271
4.41534817	9000	278.064105	-4.1141072
4.07023014	100000	1341.00706	28.9906181
4.07023014	10000	370.567876	-3.26040496
4.07023014	20000	461.523111	-0.551275071
4.07023014	30000	556.943732	2.23736623
4.07023014	40000	656.121702	5.30574544
4.07023014	50000	761.591345	8.66225128
4.07023014	60000	870.594277	12.2888973
4.07023014	70000	984.000317	16.1514377
4.07023014	80000	1098.71008	20.2353559
4.07023014	90000	1217.81239	24.5144527
3.76304296	100000	1515.1927	29.2606044
3.76304296	10000	471.364385	-2.62508662
3.76304296	20000	568.956792	0.0594530664
3.76304296	30000	671.897891	2.84497147
3.76304296	40000	780.535507	5.8788868
3.76304296	50000	893.06541	9.19381399
3.76304296	60000	1011.20529	12.7838692
3.76304296	70000	1132.80229	16.6122077
3.76304296	80000	1256.08324	20.6212363
3.76304296	90000	1385.09296	24.8622254
3.49896977	100000	1703.75634	29.669826
3.49896977	10000	584.857122	-1.92397643
3.49896977	20000	689.313733	0.774103824
3.49896977	30000	800.136756	3.5143857
3.49896977	40000	914.767012	6.51607408
3.49896977	50000	1035.42441	9.78906763
3.49896977	60000	1160.451	13.3261616
3.49896977	70000	1291.71696	17.1209792
3.49896977	80000	1426.70816	21.1253229
3.49896977	90000	1563.29681	25.3074169
3.26952913	100000	1901.43176	30.1244083
3.26952913	10000	712.390287	-1.13567006
3.26952913	20000	822.676189	1.53565006
3.26952913	30000	938.937884	4.24821284
3.26952913	40000	1063.05166	7.24134249
3.26952913	50000	1190.39888	10.4779532
3.26952913	60000	1324.45228	13.9779544
3.26952913	70000	1461.77057	17.709891
3.26952913	80000	1603.19454	21.6426281
3.26952913	90000	1751.67774	25.8106376
3.06832733	100000	2112.92073	30.6911318
3.06832733	10000	850.135054	-0.292867475
3.06832733	20000	968.546652	2.34468074
3.06832733	30000	1092.57304	5.05998443
3.06832733	40000	1221.6033	8.0035577
3.06832733	50000	1358.77171	11.2429183
3.06832733	60000	1500.18286	14.6940231
3.06832733	70000	1645.28744	18.3765953
3.06832733	80000	1795.0494	22.2644429
3.06832733	90000	1955.7643	26.4378892
2.89506861	100000	2330.96525	31.3229703
2.89506861	10000	999.140453	0.598527534
2.89506861	20000	1125.70134	3.22258519
2.89506861	30000	1252.75021	5.8944033
2.89506861	40000	1391.26362	8.83345971
2.89506861	50000	1534.16853	12.0106224
2.89506861	60000	1682.97765	15.4470626
2.89506861	70000	1837.48995	19.1141094
2.89506861	80000	1997.65149	22.997543
2.89506861	90000	2164.5936	27.0979357
2.74561229	100000	2548.7559	31.9555977
2.74561229	10000	1153.70023	1.47855891
2.74561229	20000	1284.26908	4.09613778
2.74561229	30000	1425.21413	6.79857189
2.74561229	40000	1565.63738	9.68427304
2.74561229	50000	1713.03988	12.82276
2.74561229	60000	1872.05148	16.2616101
2.74561229	70000	2033.83471	19.8795255
2.74561229	80000	2202.77483	23.7488806
2.74561229	90000	2371.4826	27.7407798
2.60095562	100000	2798.34004	32.7362803
2.60095562	10000	1331.22879	2.47152262
2.60095562	20000	1471.15992	5.08844351
2.60095562	30000	1613.8353	7.74608107
2.60095562	40000	1765.87236	10.6609223
2.60095562	50000	1922.40182	13.7814278
2.60095562	60000	2084.34253	17.1392766
2.60095562	70000	2258.64159	20.7773903
2.60095562	80000	2430.25688	24.5407339
2.60095562	90000	2612.74784	28.5535704
2.46223798	100000	3079.14972	33.6192096
2.46223798	10000	1537.31455	3.61031258
2.46223798	20000	1685.39092	6.20868907
2.46223798	30000	1837.59547	8.87287543
2.46223798	40000	1995.92212	11.7484429
2.46223798	50000	2155.97968	14.8081254
2.46223798	60000	2330.49125	18.1834096
2.46223798	70000	2506.94539	21.7249074
2.46223798	80000	2693.00887	25.5054405
2.46223798	90000	2881.70917	29.454631
2.34636796	100000	3353.05531	34.5180164
2.34636796	10000	1741.3688	4.68502563
2.34636796	20000	1898.44901	7.2841801
2.34636796	30000	2056.66468	9.93605985
2.34636796	40000	2221.03213	12.7999997
2.34636796	50000	2391.19211	15.8693769
2.34636796	60000	2568.20562	19.1587369
2.34636796	70000	2757.58032	22.722847
2.34636796	80000	2949.56926	26.4612794
2.34636796	90000	3145.1536	30.3659224
2.24091322	100000	3633.60847	35.3983317
2.24091322	10000	1955.70415	5.80295227
2.24091322	20000	2117.73447	8.35214036
2.24091322	30000	2286.16124	11.037927
2.24091322	40000	2459.08184	13.8852754
2.24091322	50000	2637.98428	16.9472388
2.24091322	60000	2822.69945	20.230706
2.24091322	70000	3014.95412	23.7157487
2.24091322	80000	3215.72808	27.4309039
2.24091322	90000	3423.86169	31.3462295
2.14452986	100000	3931.72516	36.3842797
2.14452986	10000	2185.28269	6.94542711
2.14452986	20000	2355.68817	9.51987238
2.14452986	30000	2529.38326	12.1564336
2.14452986	40000	2710.05042	15.006118
2.14452986	50000	2892.28114	18.0285887
2.14452986	60000	3087.92232	21.30844
2.14452986	70000	3285.57301	24.752899
2.14452986	80000	3493.25397	28.4332073
2.14452986	90000	3712.43046	32.3497259
2.05609564	100000	4237.90311	37.3696516
2.05609564	10000	2424.84564	8.11803398
2.05609564	20000	2604.74619	10.6921053
2.05609564	30000	2790.547	13.3689282
2.05609564	40000	2975.29296	16.1684942
2.05609564	50000	3166.80637	19.2021975
2.05609564	60000	3367.10975	22.4425191
2.05609564	70000	3575.95814	25.9048085
2.05609564	80000	3785.49555	29.5038014
2.05609564	90000	4011.30736	33.3740246
