P[Pa]	T[K]	V[m^3/mol]	u[J/mol]
28461766000000	100000	4.51660557e-07	9494326.10917691
23571360000000	10000	4.51660557e-07	6788042.31588977
24376771400000	20000	4.51660557e-07	7124669.4122228
24911504400000	30000	4.51660557e-07	7403894.58640103
25416468600000	40000	4.51660557e-07	7680681.47975118
25918150400000	50000	4.51660557e-07	7964716.15827976
26421082300000	60000	4.51660557e-07	8255156.49800802
26923064900000	70000	4.51660557e-07	8552408.50921351
27431980800000	80000	4.51660557e-07	8859218.74336047
27948377600000	90000	4.51660557e-07	9173731.49805616
27739949300000	100000	4.5768269776e-07	9352509.26643277
22882208500000	10000	4.5768269776e-07	6637531.56580933
23706917500000	20000	4.5768269776e-07	6984358.22308644
24233175300000	30000	4.5768269776e-07	7262282.09959033
24742478400000	40000	4.5768269776e-07	7543282.5073943
25234216100000	50000	4.5768269776e-07	7825769.85065162
25724112300000	60000	4.5768269776e-07	8113632.5847322
26219714300000	70000	4.5768269776e-07	8410692.59012677
26709737100000	80000	4.5768269776e-07	8710967.48678769
27230645100000	90000	4.5768269776e-07	9031899.79657087
26397340200000	100000	4.6972697928e-07	9091991.92275592
21714728700000	10000	4.6972697928e-07	6378135.67114775
22450665600000	20000	4.6972697928e-07	6717285.47297447
22963433800000	30000	4.6972697928e-07	6995235.40051803
23458340500000	40000	4.6972697928e-07	7275322.18871213
23947211900000	50000	4.6972697928e-07	7560553.96075637
24408745800000	60000	4.6972697928e-07	7842056.57471404
24897692200000	70000	4.6972697928e-07	8141873.35901803
25378761400000	80000	4.6972697928e-07	8443908.24462221
25888248200000	90000	4.6972697928e-07	8765594.29781994
25750906600000	100000	4.7574912004e-07	8961966.84190657
21162990400000	10000	4.7574912004e-07	6274558.66711338
21862202000000	20000	4.7574912004e-07	6592049.53807039
22367416000000	30000	4.7574912004e-07	6868646.54828692
22851542600000	40000	4.7574912004e-07	7146485.90363986
23325933700000	50000	4.7574912004e-07	7427303.18228346
23805305500000	60000	4.7574912004e-07	7718864.19914433
24272545000000	70000	4.7574912004e-07	8011657.43018174
24761536700000	80000	4.7574912004e-07	8321084.63599188
25249576900000	90000	4.7574912004e-07	8635321.92506436
24547389400000	100000	4.8779340156e-07	8720215.21993038
19974320500000	10000	4.8779340156e-07	6002304.36521039
20739632000000	20000	4.8779340156e-07	6345021.42273637
21241073300000	30000	4.8779340156e-07	6624142.68221191
21705329400000	40000	4.8779340156e-07	6898667.57343576
22172123500000	50000	4.8779340156e-07	7181518.85936585
22635117000000	60000	4.8779340156e-07	7470779.0869969
23102063400000	70000	4.8779340156e-07	7768116.39123599
23566720500000	80000	4.8779340156e-07	8071770.49368386
24061421700000	90000	4.8779340156e-07	8395339.16868198
23966786900000	100000	4.9381554232e-07	8600145.01322285
19634918900000	10000	4.9381554232e-07	5926916.41932383
20214601900000	20000	4.9381554232e-07	6228598.55455376
20698698700000	30000	4.9381554232e-07	6503120.74418831
21163253800000	40000	4.9381554232e-07	6780112.08995723
21624446300000	50000	4.9381554232e-07	7063154.51333026
22077931800000	60000	4.9381554232e-07	7351050.43836509
22535973800000	70000	4.9381554232e-07	7646962.26830739
23002283000000	80000	4.9381554232e-07	7952261.34918263
23485858900000	90000	4.9381554232e-07	8273603.81811267
22880785400000	100000	5.0585982384e-07	8374093.19503376
18644446000000	10000	5.0585982384e-07	5700939.5702378
19214192600000	20000	5.0585982384e-07	6003111.1755576
19688414300000	30000	5.0585982384e-07	6277901.88387145
20131350300000	40000	5.0585982384e-07	6549033.00002319
20578707200000	50000	5.0585982384e-07	6831121.85885885
21031506000000	60000	5.0585982384e-07	7122760.6428974
21484377400000	70000	5.0585982384e-07	7421018.32071962
21938589300000	80000	5.0585982384e-07	7727072.68877472
22412997500000	90000	5.0585982384e-07	8048595.68176116
21869246600000	100000	5.1790410536e-07	8161058.6954281
17725782400000	10000	5.1790410536e-07	5483553.67863871
18287500800000	20000	5.1790410536e-07	5789648.37756264
18744524900000	30000	5.1790410536e-07	6062431.226115
19186272000000	40000	5.1790410536e-07	6337553.55451536
19620471400000	50000	5.1790410536e-07	6617292.99551381
20052445900000	60000	5.1790410536e-07	6904197.9197024
20493576000000	70000	5.1790410536e-07	7202186.21047732
20946565800000	80000	5.1790410536e-07	7513080.76521839
21399129400000	90000	5.1790410536e-07	7829160.5381931
20918680900000	100000	5.2994838688e-07	7955564.04210121
16920779100000	10000	5.2994838688e-07	5291229.56260265
17415018500000	20000	5.2994838688e-07	5584952.71927106
17858646700000	30000	5.2994838688e-07	5854390.71081471
18294204700000	40000	5.2994838688e-07	6131284.22045685
18717729900000	50000	5.2994838688e-07	6410508.42978176
19145801400000	60000	5.2994838688e-07	6699580.22155918
19571768800000	70000	5.2994838688e-07	6994799.67275816
20009820200000	80000	5.2994838688e-07	7303362.36999247
20456690800000	90000	5.2994838688e-07	7622481.91335573
19612462400000	100000	5.4801480916e-07	7670182.52482151
15749448200000	10000	5.4801480916e-07	5010185.44694322
16218168600000	20000	5.4801480916e-07	5296606.88313254
16649140200000	30000	5.4801480916e-07	5566443.35909786
17061950500000	40000	5.4801480916e-07	5838506.33058725
17471715300000	50000	5.4801480916e-07	6118307.81165425
17884081700000	60000	5.4801480916e-07	6406111.20725558
18302440700000	70000	5.4801480916e-07	6704914.02720429
18727443200000	80000	5.4801480916e-07	7013391.04546367
19162397100000	90000	5.4801480916e-07	7334543.72774543
18808397500000	100000	5.6005909068e-07	7489219.74961364
15023020000000	10000	5.6005909068e-07	4825349.46104792
15482762300000	20000	5.6005909068e-07	5115418.3322475
15903148000000	30000	5.6005909068e-07	5384252.80803871
16306382100000	40000	5.6005909068e-07	5656102.54694411
16717149600000	50000	5.6005909068e-07	5939336.68667206
17112557300000	60000	5.6005909068e-07	6223039.06971682
17522568400000	70000	5.6005909068e-07	6522769.0172219
17940231500000	80000	5.6005909068e-07	6832353.4941234
18371981400000	90000	5.6005909068e-07	7156570.84000939
17700361700000	100000	5.7812551296e-07	7239219.40362356
14032859100000	10000	5.7812551296e-07	4564307.71959098
14471797900000	20000	5.7812551296e-07	4861286.7737919
14875664000000	30000	5.7812551296e-07	5128423.68664973
15265335100000	40000	5.7812551296e-07	5398816.20758407
15657246700000	50000	5.7812551296e-07	5679280.0604561
16048126600000	60000	5.7812551296e-07	5968157.43428929
16439639100000	70000	5.7812551296e-07	6263170.40687753
16853965800000	80000	5.7812551296e-07	6579285.39699846
17266231800000	90000	5.7812551296e-07	6900264.21271173
16680061300000	100000	5.9619193524e-07	7001236.30574944
13130256400000	10000	5.9619193524e-07	4310579.08388233
13544129000000	20000	5.9619193524e-07	4620396.18691957
13937286800000	30000	5.9619193524e-07	4887836.93208826
14316487800000	40000	5.9619193524e-07	5159316.07083298
14690818000000	50000	5.9619193524e-07	5435748.4770729
15073474500000	60000	5.9619193524e-07	5726415.26787565
15464182100000	70000	5.9619193524e-07	6028127.7959852
15854325000000	80000	5.9619193524e-07	6336657.68820659
16263382800000	90000	5.9619193524e-07	6663758.49824308
15752513500000	100000	6.1425835752e-07	6781925.24231849
12296937100000	10000	6.1425835752e-07	4101550.94472242
12705231800000	20000	6.1425835752e-07	4398543.1209285
13077498900000	30000	6.1425835752e-07	4661980.59318206
13450674800000	40000	6.1425835752e-07	4934830.01661359
13812217500000	50000	6.1425835752e-07	5211107.75686612
14185275200000	60000	6.1425835752e-07	5502275.21005726
14562744700000	70000	6.1425835752e-07	5802342.37379811
14955797300000	80000	6.1425835752e-07	6120060.5641976
15350190200000	90000	6.1425835752e-07	6445074.39650027
14632020900000	100000	6.3834692056e-07	6511186.53201249
11296484700000	10000	6.3834692056e-07	3825890.32465415
11689762100000	20000	6.3834692056e-07	4121927.97146954
12050271900000	30000	6.3834692056e-07	4385990.86164592
12405910400000	40000	6.3834692056e-07	4656665.98811805
12761448900000	50000	6.3834692056e-07	4936098.60576035
13122115600000	60000	6.3834692056e-07	5227134.16350247
13477463600000	70000	6.3834692056e-07	5524228.32470461
13853418300000	80000	6.3834692056e-07	5840856.42382177
14239605000000	90000	6.3834692056e-07	6169970.49679835
13634057500000	100000	6.624354836e-07	6265138.41819685
10411462900000	10000	6.624354836e-07	3569398.25254815
10789065700000	20000	6.624354836e-07	3870158.27745898
11138131100000	30000	6.624354836e-07	4132158.89014656
11481535100000	40000	6.624354836e-07	4403413.21806743
11819702000000	50000	6.624354836e-07	4681427.98375417
12164732300000	60000	6.624354836e-07	4970923.82856627
12511664800000	70000	6.624354836e-07	5270684.36192164
12876738100000	80000	6.624354836e-07	5588161.62844682
13250511000000	90000	6.624354836e-07	5920052.93522324
12519405200000	100000	6.925461874e-07	5980972.9055579
9429514100000	10000	6.925461874e-07	3264567.99390169
9791783520000	20000	6.925461874e-07	3580488.66256373
10123562500000	30000	6.925461874e-07	3841428.70848061
10450387400000	40000	6.925461874e-07	4111261.13206197
10780068400000	50000	6.925461874e-07	4392323.00102251
11102585100000	60000	6.925461874e-07	4678038.55052201
11441112800000	70000	6.925461874e-07	4982137.8362923
11796517300000	80000	6.925461874e-07	5303571.1944052
12150581800000	90000	6.925461874e-07	5633401.96042879
11362586800000	100000	7.2867903196e-07	5677409.1133809
8411758790000	10000	7.2867903196e-07	2930809.79243402
8756849840000	20000	7.2867903196e-07	3267504.3320142
9074052970000	30000	7.2867903196e-07	3529629.02483889
9381706180000	40000	7.2867903196e-07	3796968.94283552
9695655430000	50000	7.2867903196e-07	4077625.09097447
10009106200000	60000	7.2867903196e-07	4367988.62837835
10331327100000	70000	7.2867903196e-07	4672928.30139143
10665289700000	80000	7.2867903196e-07	4993361.10661022
11009104900000	90000	7.2867903196e-07	5328735.14793496
10213842800000	100000	7.7083401728e-07	5371030.26515387
7407677100000	10000	7.7083401728e-07	2650273.09313624
7735287360000	20000	7.7083401728e-07	2946813.23556132
8034457880000	30000	7.7083401728e-07	3208133.04774544
8322820710000	40000	7.7083401728e-07	3474191.4475608
8620257820000	50000	7.7083401728e-07	3754837.36825455
8916625480000	60000	7.7083401728e-07	4045924.44916403
9227418950000	70000	7.7083401728e-07	4355515.77652411
9544655530000	80000	7.7083401728e-07	4677689.94901705
9873635660000	90000	7.7083401728e-07	5015554.56621989
9108804800000	100000	8.1901114336e-07	5066569.83478544
6457559160000	10000	8.1901114336e-07	2352385.14710672
6762160830000	20000	8.1901114336e-07	2627765.38079984
7037194700000	30000	8.1901114336e-07	2884055.7985617
7312207710000	40000	8.1901114336e-07	3151249.44479482
7586462300000	50000	8.1901114336e-07	3429264.21048157
7878677250000	60000	8.1901114336e-07	3729147.1837234
8166327040000	70000	8.1901114336e-07	4037336.4827224
8471309050000	80000	8.1901114336e-07	4363846.60955563
8781736400000	90000	8.1901114336e-07	4704769.90827211
7863591690000	100000	8.8525469172e-07	4708263.25620697
5403062560000	10000	8.8525469172e-07	1989274.75681249
5677202090000	20000	8.8525469172e-07	2251398.09884253
5927539700000	30000	8.8525469172e-07	2505157.60985747
6186114880000	40000	8.8525469172e-07	2775901.43388606
6442785260000	50000	8.8525469172e-07	3056188.04320299
6708947290000	60000	8.8525469172e-07	3352764.94653961
6984948410000	70000	8.8525469172e-07	3667335.20649325
7269778970000	80000	8.8525469172e-07	3998873.47343943
7562251620000	90000	8.8525469172e-07	4345920.40672978
6560510560000	100000	9.7558680312e-07	4323737.17456531
4308642800000	10000	9.7558680312e-07	1580184.18500956
4550968500000	20000	9.7558680312e-07	1835190.47948619
4778755650000	30000	9.7558680312e-07	2088543.49779689
5011289450000	40000	9.7558680312e-07	2357488.73874938
5252521430000	50000	9.7558680312e-07	2645357.93734721
5495841970000	60000	9.7558680312e-07	2944961.19961122
5745799430000	70000	9.7558680312e-07	3261114.494409
6009993270000	80000	9.7558680312e-07	3599355.21143646
6280606750000	90000	9.7558680312e-07	3953403.216911
5297569740000	100000	1.09602961832e-06	3940973.10805889
3265239930000	10000	1.09602961832e-06	1155039.9012213
3474993930000	20000	1.09602961832e-06	1406794.64000538
3681530260000	30000	1.09602961832e-06	1662312.59619826
3887191810000	40000	1.09602961832e-06	1930890.13155002
4099434770000	50000	1.09602961832e-06	2216854.61320641
4323007350000	60000	1.09602961832e-06	2524987.46828611
4554878780000	70000	1.09602961832e-06	2851779.52525981
4793812030000	80000	1.09602961832e-06	3196342.25070398
5037338260000	90000	1.09602961832e-06	3556378.23237543
3882393860000	100000	1.30078240416e-06	3495144.4917407
2146648630000	10000	1.30078240416e-06	651139.465087388
2317120180000	20000	1.30078240416e-06	899633.578557688
2487524520000	30000	1.30078240416e-06	1154954.60818771
2667020080000	40000	1.30078240416e-06	1429386.77700738
2850730860000	50000	1.30078240416e-06	1721889.39422444
3043004300000	60000	1.30078240416e-06	2037546.36847378
3243584170000	70000	1.30078240416e-06	2375358.11171461
3449136890000	80000	1.30078240416e-06	2729657.07553802
3659971160000	90000	1.30078240416e-06	3101661.67671804
2350439510000	100000	1.73437653888e-06	3026415.08184304
1014381830000	10000	1.73437653888e-06	64706.8266498445
1138793280000	20000	1.73437653888e-06	318800.369884589
1270134520000	30000	1.73437653888e-06	577553.672234228
1407072400000	40000	1.73437653888e-06	859326.252151183
1550235640000	50000	1.73437653888e-06	1166453.15115817
1700078830000	60000	1.73437653888e-06	1497430.25941272
1856519660000	70000	1.73437653888e-06	1851758.26532108
2015576780000	80000	1.73437653888e-06	2224897.24455088
2180944910000	90000	1.73437653888e-06	2616454.69477102
877058897000	100000	3.24611741244608e-06	2776844.19206624
146737084000	10000	3.24611741244608e-06	-442833.492587382
216413138000	20000	3.24611741244608e-06	-176563.379832011
287579967000	30000	3.24611741244608e-06	98423.2226516469
363845800000	40000	3.24611741244608e-06	406107.834859052
444238870000	50000	3.24611741244608e-06	744033.825416799
525007075000	60000	3.24611741244608e-06	1106484.33322757
609802974000	70000	3.24611741244608e-06	1493975.44771951
696047029000	80000	3.24611741244608e-06	1902389.39683385
132153596000	8000	3.24611741244608e-06	-504063.601514214
785316741000	90000	3.24611741244608e-06	2331160.13007264
140018128000	9000	3.24611741244608e-06	-471357.681922939
1019550650000	100000	2.92942302663134e-06	2769455.49006024
207655046000	10000	2.92942302663134e-06	-409653.940973513
285715490000	20000	2.92942302663134e-06	-145314.920389978
366545097000	30000	2.92942302663134e-06	129468.877644383
449626660000	40000	2.92942302663134e-06	430385.842701888
537560511000	50000	2.92942302663134e-06	763386.610191056
627662435000	60000	2.92942302663134e-06	1120609.42885469
723300498000	70000	2.92942302663134e-06	1504534.46476842
819744771000	80000	2.92942302663134e-06	1908604.69247324
919091946000	90000	2.92942302663134e-06	2330852.73745302
200551415000	9000	2.92942302663134e-06	-440858.020057329
1179133620000	100000	2.65898481841484e-06	2774314.80978756
285060170000	10000	2.65898481841484e-06	-365616.477154321
371698217000	20000	2.65898481841484e-06	-101811.870493203
459424483000	30000	2.65898481841484e-06	169818.696191156
552197768000	40000	2.65898481841484e-06	468594.624712951
648018104000	50000	2.65898481841484e-06	796629.549773569
746695269000	60000	2.65898481841484e-06	1147348.0230047
851079210000	70000	2.65898481841484e-06	1525721.37009632
959729863000	80000	2.65898481841484e-06	1925543.58019254
1069470860000	90000	2.65898481841484e-06	2343409.41576382
278064105000	9000	2.65898481841484e-06	-396950.999582901
1341007060000	100000	2.45114988286745e-06	2797169.41583854
370567876000	10000	2.45114988286745e-06	-314581.255422087
461523111000	20000	2.45114988286745e-06	-53189.9583167363
556943732000	30000	2.45114988286745e-06	215873.023783028
656121702000	40000	2.45114988286745e-06	511926.610940138
761591345000	50000	2.45114988286745e-06	835780.191686367
870594277000	60000	2.45114988286745e-06	1185698.33741975
984000317000	70000	2.45114988286745e-06	1558376.83075345
1098710080000	80000	2.45114988286745e-06	1952415.03464488
1217812390000	90000	2.45114988286745e-06	2365285.11058067
1515192700000	100000	2.26615743910471e-06	2823219.13366279
471364385000	10000	2.26615743910471e-06	-253282.354383157
568956792000	20000	2.26615743910471e-06	5736.3488573532
671897891000	30000	2.26615743910471e-06	274498.017164292
780535507000	40000	2.26615743910471e-06	567226.345413343
893065410000	50000	2.26615743910471e-06	887068.196305084
1011205290000	60000	2.26615743910471e-06	1233455.86558295
1132802290000	70000	2.26615743910471e-06	1602834.37723591
1256083240000	80000	2.26615743910471e-06	1989646.83319876
1385092960000	90000	2.26615743910471e-06	2398840.07504359
1703756340000	100000	2.10712884699248e-06	2862703.01565082
584857122000	10000	2.10712884699248e-06	-185635.50484597
689313733000	20000	2.10712884699248e-06	74689.6645565643
800136756000	30000	2.10712884699248e-06	339086.671473911
914767012000	40000	2.10712884699248e-06	628705.571748892
1035424410000	50000	2.10712884699248e-06	944501.441458093
1160451000000	60000	2.10712884699248e-06	1285779.1279049
1291716960000	70000	2.10712884699248e-06	1651923.36438828
1426708160000	80000	2.10712884699248e-06	2038283.79621867
1563296810000	90000	2.10712884699248e-06	2441794.52477957
1901431760000	100000	1.96895646397803e-06	2906563.5398437
712390287000	10000	1.96895646397803e-06	-109575.502921599
822676189000	20000	1.96895646397803e-06	148167.706064281
938937884000	30000	1.96895646397803e-06	409890.22679791
1063051660000	40000	1.96895646397803e-06	698683.335166287
1190398880000	50000	1.96895646397803e-06	1010968.7944745
1324452280000	60000	1.96895646397803e-06	1348667.57268848
1461770570000	70000	1.96895646397803e-06	1708744.71500262
1603194540000	80000	1.96895646397803e-06	2088196.16024978
1751677740000	90000	1.96895646397803e-06	2490347.94115039
2112920730000	100000	1.8477899079015e-06	2961244.04496328
850135054000	10000	1.8477899079015e-06	-28257.4155934902
968546652000	20000	1.8477899079015e-06	226227.299922028
1092573040000	30000	1.8477899079015e-06	488214.278267327
1221603300000	40000	1.8477899079015e-06	772225.922852575
1358771710000	50000	1.8477899079015e-06	1084776.70621074
1500182860000	60000	1.8477899079015e-06	1417757.69903109
1645287440000	70000	1.8477899079015e-06	1773071.90081616
1795049400000	80000	1.8477899079015e-06	2148192.16774697
1955764300000	90000	1.8477899079015e-06	2550868.52010127
2330965250000	100000	1.74345106792775e-06	3022207.19248408
999140453000	10000	1.74345106792775e-06	57749.1279029357
1125701340000	20000	1.74345106792775e-06	310932.20235281
1252750210000	30000	1.74345106792775e-06	568723.460069234
1391263620000	40000	1.74345106792775e-06	852299.293917228
1534168530000	50000	1.74345106792775e-06	1158848.89127167
1682977650000	60000	1.74345106792775e-06	1490414.96529056
1837489950000	70000	1.74345106792775e-06	1844231.19370028
1997651490000	80000	1.74345106792775e-06	2218925.5743751
2164593600000	90000	1.74345106792775e-06	2614553.3258706
2548755900000	100000	1.65344636827659e-06	3083246.45728338
1153700230000	10000	1.65344636827659e-06	142659.247495229
1284269080000	20000	1.65344636827659e-06	395217.214126138
1425214130000	30000	1.65344636827659e-06	655962.466770849
1565637380000	40000	1.65344636827659e-06	934390.300637217
1713039880000	50000	1.65344636827659e-06	1237208.25733749
1872051480000	60000	1.65344636827659e-06	1569006.85135827
2033834710000	70000	1.65344636827659e-06	1918082.62032131
2202774830000	80000	1.65344636827659e-06	2291418.63224783
2371482600000	90000	1.65344636827659e-06	2676578.35236261
2798340040000	100000	1.56633208541531e-06	3158570.87722727
1331228790000	10000	1.56633208541531e-06	238465.680840973
1471159920000	20000	1.56633208541531e-06	490960.162053051
1613835300000	30000	1.56633208541531e-06	747383.204693035
1765872360000	40000	1.56633208541531e-06	1028622.6288563
1922401820000	50000	1.56633208541531e-06	1329705.63841642
2084342530000	60000	1.56633208541531e-06	1653688.79510428
2258641590000	70000	1.56633208541531e-06	2004713.40375114
2430256880000	80000	1.56633208541531e-06	2367820.86089127
2612747840000	90000	1.56633208541531e-06	2755000.72335031
3079149720000	100000	1.48279437001781e-06	3243760.60397917
1537314550000	10000	1.48279437001781e-06	348342.208350264
1685390920000	20000	1.48279437001781e-06	599047.426969315
1837595470000	30000	1.48279437001781e-06	856102.332752307
1995922120000	40000	1.48279437001781e-06	1133552.41513824
2155979680000	50000	1.48279437001781e-06	1428766.89734262
2330491250000	60000	1.48279437001781e-06	1754432.31439018
2506945390000	70000	1.48279437001781e-06	2096134.90583716
2693008870000	80000	1.48279437001781e-06	2460900.89759382
2881709170000	90000	1.48279437001781e-06	2841939.85460454
3353055310000	100000	1.4130158129874e-06	3330482.27659186
1741368800000	10000	1.4130158129874e-06	452036.25391677
1898449010000	20000	1.4130158129874e-06	702816.536194506
2056664680000	30000	1.4130158129874e-06	958684.034624336
2221032130000	40000	1.4130158129874e-06	1235012.22223277
2391192110000	50000	1.4130158129874e-06	1531162.10078648
2568205620000	60000	1.4130158129874e-06	1848537.09285961
2757580320000	70000	1.4130158129874e-06	2192421.43958216
2949569260000	80000	1.4130158129874e-06	2553125.3313167
3145153600000	90000	1.4130158129874e-06	2929866.10799466
3633608470000	100000	1.34950948417848e-06	3415419.79068559
1955704150000	10000	1.34950948417848e-06	559899.777066666
2117734470000	20000	1.34950948417848e-06	805859.036575102
2286161240000	30000	1.34950948417848e-06	1064998.05254785
2459081840000	40000	1.34950948417848e-06	1339725.40859263
2637984280000	50000	1.34950948417848e-06	1635159.96419105
2822699450000	60000	1.34950948417848e-06	1951966.38749904
3014954120000	70000	1.34950948417848e-06	2288221.88987246
3215728080000	80000	1.34950948417848e-06	2646679.8732341
3423861690000	90000	1.34950948417848e-06	3024451.364121
3931725160000	100000	1.29146606809431e-06	3510549.31092191
2185282690000	10000	1.29146606809431e-06	670131.841446591
2355688170000	20000	1.29146606809431e-06	918528.048355826
2529383260000	30000	1.29146606809431e-06	1172917.53333097
2710050420000	40000	1.29146606809431e-06	1447870.27911158
2892281140000	50000	1.29146606809431e-06	1739494.36843405
3087922320000	60000	1.29146606809431e-06	2055951.91042962
3285573010000	70000	1.29146606809431e-06	2388291.68102975
3493253970000	80000	1.29146606809431e-06	2743387.44967142
3712430460000	90000	1.29146606809431e-06	3121274.04755954
4237903110000	100000	1.23820973601023e-06	3605623.24595838
2424845640000	10000	1.23820973601023e-06	783271.204748616
2604746190000	20000	1.23820973601023e-06	1031631.3309679
2790547000000	30000	1.23820973601023e-06	1289905.47750969
2975292960000	40000	1.23820973601023e-06	1560022.53282081
3166806370000	50000	1.23820973601023e-06	1852730.40328489
3367109750000	60000	1.23820973601023e-06	2165373.90904723
3575958140000	70000	1.23820973601023e-06	2499434.05171324
3785495550000	80000	1.23820973601023e-06	2846684.07697918
4011307360000	90000	1.23820973601023e-06	3220103.84782252
