P[Pa]	dP[Pa]	T[K]	V[m^3/mol]	u[J/mol]	du[J/mol]
55382000000	1064000000	249500.983	0.000120106344344815	-64079907.9941654	637886.876670122
144233000000	1046000000	499001.967	0.000120106344344815	-58934804.2127541	200303.813857802
255747000000	1058000000	748502.95	0.000120106344344815	-19642892.6255303	298212.88836619
400007000000	938000000	1010478.98	0.000120106344344815	32181402.8447701	275896.143658544
941046000000	863000000	2020957.97	0.000120106344344815	161519739.98366	196584.269569728
1474275000000	662000000	3109166.1	0.000120106344344815	259536087.849156	141776.969215787
2422302000000	1005000000	5052394.91	0.000120106344344815	431782961.889273	196802.973836906
4877762000000	1520000000	10104789.8	0.000120106344344815	875036403.025308	284538.499846747
7104700000000	2485000000	14697913.7	0.000120106344344815	1275968325.661	474449.537023471
24070723000000	12966000000	49746683.1	0.000120106344344815	4332229167.04708	2351134.73579653
78392187000000	31899000000	161676389	0.000120106344344815	14120795372.3563	5754328.87969732
13493472000000	27992000000	1010478.98	2.87730268106953e-06	-30238533.190869	94846.1666477441
33466102000000	11890000000	2020957.97	2.87730268106953e-06	91133710.4616247	58417.3621567421
96987965000000	15603000000	5052394.91	2.87730268106953e-06	393474737.270657	69247.5472756886
322840034000000	209395000000	16167705.1	2.87730268106953e-06	1376453187.06856	910391.924654234
2.61400102e+15	1734506000000	129341641	2.87730268106953e-06	11268981208.8623	7493503.54398338
6.16358668e+15	3413763000000	304332393	2.87730268106953e-06	26589199638.7313	14760885.9161209
1.30822123e+16	3211441000000	646705556	2.87730268106953e-06	56450152919.9888	13881343.671242
12953277000000	58306000000	499001.967	1.4130158129874e-06	-73185796.409851	121429.34830334
19791230000000	80979000000	748502.95	1.4130158129874e-06	-56940300.0474259	164531.384897891
27635164000000	81991000000	1010478.98	1.4130158129874e-06	-35537885.0817004	166719.212960266
65969748000000	52453000000	2020957.97	1.4130158129874e-06	73549974.9892572	108848.742595034
112032554000000	43410000000	3109166.1	1.4130158129874e-06	189984530.054202	114318.708340835
194543116000000	64418000000	5052394.91	1.4130158129874e-06	378364550.523887	165625.167709027
405562605000000	162675000000	10104789.8	1.4130158129874e-06	835677649.969947	370961.276338172
594630468000000	238739000000	14697913.7	1.4130158129874e-06	1238970330.36393	533414.053604797
2.04167068e+15	1145778000000	49746683.1	1.4130158129874e-06	4312032519.62837	2415459.47088264
6.65358934e+15	2549200000000	161676389	1.4130158129874e-06	14089150885.0092	5413013.94701775
41860555000000	246693000000	1010478.98	9.50575678226272e-07	-37806535.3368386	353895.530669047
97081281000000	259590000000	2020957.97	9.50575678226272e-07	64473186.0673133	381572.494846323
163774616000000	306997000000	3109166.1	9.50575678226272e-07	177605080.82572	460884.632340095
286609019000000	265879000000	5052394.91	9.50575678226272e-07	368126634.730574	379275.18294788
601561209000000	524274000000	10104789.8	9.50575678226272e-07	828756505.270025	746407.694566868
886428024000000	953794000000	14697913.7	9.50575678226272e-07	1238843538.98899	1356726.82845568
3.03464246e+15	3889414000000	49746683.1	9.50575678226272e-07	4309714527.06384	5556213.15441229
9.90244807e+15	8572570000000	161676389	9.50575678226272e-07	14105435775.8503	12224762.9791691
