rho[kg/m^3]	drho[kg/m^3]	P[Pa]	dP[Pa]	T[K]	dT[K]	V[m^3/mol]	dV[m^3/mol]
1.6102e3	4e-2	2.71e9	2e7	300.6	0.4	1.1188e-5	3e-10
1.6373e3	4e-2	3.17e9	2e7	300.5	0.4	1.1003e-5	3e-10
1.6424e3	4e-2	3.29e9	2e7	300.5	0.4	1.0969e-5	3e-10
1.6563e3	5e-2	3.56e9	2e7	300.5	0.4	1.0877e-5	3e-10
1.6813e3	5e-2	4.20e9	3e7	300.6	0.4	1.0715e-5	3e-10
1.7091e3	5e-2	4.81e9	2e7	300.8	0.4	1.0541e-5	3e-10
1.7519e3	5e-2	5.79e9	5e7	300.5	0.4	1.0283e-5	3e-10
1.7709e3	5e-2	6.29e9	4e7	300.5	0.4	1.0173e-5	3e-10
1.7976e3	5e-2	6.85e9	2e7	300.5	0.4	1.0022e-5	3e-10
1.8112e3	5e-2	7.31e9	2e7	300.5	0.4	9.9465e-6	3e-10
1.8296e3	1e-1	7.64e9	2e7	300.5	0.4	9.8465e-6	6e-10
1.8463e3	1e-1	8.12e9	2e7	300.6	0.4	9.7577e-6	6e-10
1.8638e3	1e-1	8.54e9	2e7	300.6	0.4	9.6661e-6	6e-10
1.8772e3	1e-1	9.03e9	1e7	300.6	0.4	9.5969e-6	6e-10
1.8856e3	1e-1	9.22e9	2e7	300.6	0.4	9.5541e-6	6e-10
1.7341e3	5e-2	5.49e9	4e7	300.5	0.4	1.0389e-5	3e-10
1.8947e3	1e-1	9.78e9	2e7	300.5	0.4	9.5081e-6	6e-10
1.6102e3	4e-2	2.88e9	2e7	340.4	0.4	1.1188e-5	3e-10
1.6097e3	4e-2	2.88e9	2e7	340.3	0.4	1.1192e-5	3e-10
1.6085e3	4e-2	2.81e9	2e7	340.5	0.4	1.1200e-5	3e-10
1.6066e3	4e-2	2.78e9	3e7	340.5	0.4	1.1213e-5	3e-10
1.6034e3	4e-2	2.76e9	3e7	340.6	0.4	1.1236e-5	3e-10
1.5999e3	4e-2	2.67e9	2e7	340.6	0.4	1.1260e-5	3e-10
1.5903e3	4e-2	2.55e9	3e7	340.7	0.4	1.1328e-5	3e-10
1.5846e3	4e-2	2.48e9	3e7	340.7	0.4	1.1369e-5	3e-10
1.5745e3	4e-2	2.33e9	3e7	340.6	0.4	1.1442e-5	3e-10
1.5716e3	4e-2	2.28e9	3e7	340.6	0.4	1.1463e-5	3e-10
1.5655e3	4e-2	2.19e9	5e7	340.6	0.4	1.1508e-5	3e-10
1.5653e3	4e-2	2.18e9	5e7	340.6	0.4	1.1509e-5	3e-10
1.5655e3	4e-2	2.15e9	2e7	340.7	0.4	1.1508e-5	3e-10
1.5653e3	4e-2	2.14e9	2e7	340.7	0.4	1.1509e-5	3e-10
1.5661e3	4e-2	2.22e9	3e7	340.6	0.4	1.1503e-5	3e-10
1.5657e3	4e-2	2.20e9	2e7	340.6	0.4	1.1506e-5	3e-10
1.7055e3	5e-2	4.87e9	3e7	340.7	0.4	1.0563e-5	3e-10
1.7311e3	5e-2	5.59e9	4e7	340.7	0.4	1.0407e-5	3e-10
1.7614e3	5e-2	6.26e9	2e7	340.7	0.4	1.0228e-5	3e-10
1.7871e3	5e-2	6.93e9	2e7	340.7	0.4	1.0081e-5	3e-10
1.8201e3	6e-2	7.64e9	2e7	340.7	0.4	9.8977e-6	3e-10
1.8471e3	6e-2	8.49e9	2e7	340.7	0.4	9.7532e-6	3e-10
1.8642e3	6e-2	8.93e9	3e7	340.7	0.4	9.6640e-6	3e-10
1.8719e3	6e-2	9.25e9	3e7	340.7	0.4	9.6240e-6	3e-10
1.8878e3	6e-2	9.66e9	3e7	340.7	0.4	9.5430e-6	3e-10
1.8952e3	6e-2	9.96e9	3e7	340.7	0.4	9.5056e-6	3e-10
1.5859e3	4e-2	2.73e9	3e7	380.1	0.4	1.1360e-5	3e-10
1.5877e3	4e-2	2.75e9	4e7	380.1	0.4	1.1347e-5	3e-10
1.5917e3	4e-2	2.79e9	3e7	380.1	0.4	1.1318e-5	3e-10
1.5961e3	4e-2	2.86e9	4e7	380.1	0.4	1.1287e-5	3e-10
1.5997e3	4e-2	2.90e9	5e7	380.1	0.4	1.1262e-5	3e-10
1.6008e3	4e-2	2.93e9	3e7	380.1	0.4	1.1254e-5	3e-10
1.6078e3	4e-2	3.04e9	3e7	380.1	0.4	1.1205e-5	3e-10
1.6153e3	4e-2	3.15e9	3e7	380.1	0.4	1.1153e-5	3e-10
1.6215e3	4e-2	3.24e9	3e7	380.2	0.4	1.1110e-5	3e-10
1.6196e3	4e-2	3.24e9	3e7	380.2	0.4	1.1123e-5	3e-10
1.6272e3	4e-2	3.34e9	3e7	380.2	0.4	1.1071e-5	3e-10
1.6363e3	4e-2	3.47e9	3e7	380.2	0.4	1.1010e-5	3e-10
1.6392e3	4e-2	3.52e9	5e7	380.2	0.4	1.0990e-5	3e-10
1.6443e3	5e-2	3.62e9	2e7	380.3	0.4	1.0956e-5	3e-10
1.6505e3	5e-2	3.75e9	4e7	380.2	0.4	1.0915e-5	3e-10
1.6543e3	5e-2	3.80e9	2e7	380.3	0.4	1.0890e-5	3e-10
1.6590e3	5e-2	3.88e9	5e7	380.2	0.4	1.0859e-5	3e-10
1.6628e3	5e-2	4.00e9	3e7	380.2	0.4	1.0834e-5	3e-10
1.6774e3	5e-2	4.28e9	4e7	380.3	0.4	1.0740e-5	3e-10
1.6760e3	5e-2	4.28e9	3e7	380.3	0.4	1.0749e-5	3e-10
1.6834e3	5e-2	4.38e9	4e7	380.4	0.4	1.0702e-5	3e-10
1.6867e3	5e-2	4.46e9	3e7	380.3	0.4	1.0681e-5	3e-10
1.6890e3	5e-2	4.60e9	3e7	380.3	0.4	1.0666e-5	3e-10
1.7024e3	5e-2	4.94e9	3e7	380.3	0.4	1.0582e-5	3e-10
1.7185e3	5e-2	5.28e9	3e7	380.3	0.4	1.0483e-5	3e-10
1.7537e3	5e-2	6.04e9	3e7	380.2	0.4	1.0273e-5	3e-10
1.7933e3	5e-2	6.88e9	2e7	380.3	0.4	1.0046e-5	3e-10
1.8345e3	6e-2	7.98e9	3e7	380.2	0.4	9.8200e-6	3e-10
1.8628e3	6e-2	8.89e9	3e7	380.2	0.4	9.6710e-6	3e-10
1.8721e3	6e-2	9.06e9	3e7	380.2	0.4	9.6231e-6	3e-10
1.8838e3	6e-2	9.43e9	3e7	380.2	0.4	9.5632e-6	3e-10
1.8971e3	6e-2	9.69e9	2e7	380.2	0.4	9.4963e-6	3e-10
1.7342e3	5e-2	5.71e9	5e7	380.2	0.4	1.0388e-5	3e-10
1.7230e3	5e-2	5.64e9	5e7	450.6	0.4	1.0456e-5	3e-10
1.7225e3	5e-2	5.71e9	6e7	450.7	0.4	1.0459e-5	3e-10
1.7346e3	5e-2	6.14e9	7e7	451.1	0.4	1.0386e-5	3e-10
1.7421e3	5e-2	6.37e9	3e7	451.1	0.4	1.0341e-5	3e-10
1.7494e3	5e-2	6.55e9	2e7	451.2	0.4	1.0298e-5	3e-10
1.7686e3	5e-2	6.94e9	2e7	449.9	0.4	1.0186e-5	3e-10
1.7853e3	5e-2	7.27e9	3e7	449.9	0.4	1.0091e-5	3e-10
1.8066e3	5e-2	7.82e9	3e7	449.9	0.4	9.9721e-6	3e-10
1.8370e3	6e-2	8.58e9	4e7	449.9	0.4	9.8071e-6	3e-10
1.8873e3	6e-2	1.011e10	3e7	449.9	0.4	9.5457e-6	3e-10
1.8795e3	6e-2	9.67e9	3e7	450	0.4	9.5851e-6	3e-10
1.8728e3	6e-2	9.37e9	4e7	450.1	0.4	9.6195e-6	3e-10
1.6576e3	5e-2	4.25e9	5e7	450.1	0.4	1.0868e-5	3e-10
1.6673e3	5e-2	4.39e9	5e7	449.7	0.4	1.0805e-5	3e-10
1.6925e3	5e-2	4.83e9	5e7	449.8	0.4	1.0644e-5	3e-10
1.7112e3	1e-1	5.12e9	5e7	449.9	0.4	1.0528e-5	6e-10
