rho[kg/m^3]	drho[kg/m^3]	P[Pa]	dP[Pa]
10180	0	57800000000	0
10360	10	66200000000	200000000
10540	10	75300000000	300000000
10720	10	84700000000	400000000
10900	10	94600000000	500000000
11070	10	104700000000	600000000
11250	10	115200000000	700000000
11420	20	126100000000	800000000
11600	20	137300000000	900000000
11770	20	149100000000	1000000000
11940	20	161300000000	1200000000
12110	20	173900000000	1300000000
12280	30	187000000000	1500000000
12450	30	201000000000	1600000000
12620	30	215000000000	1800000000
12790	40	229000000000	1900000000
12950	40	244000000000	2100000000
13120	40	259000000000	2300000000
13290	40	275000000000	2500000000
13450	50	291000000000	2700000000
13620	50	307000000000	2800000000
13780	50	324000000000	3000000000
13950	60	342000000000	3300000000
14110	60	360000000000	3500000000
14280	60	378000000000	3700000000
14440	70	397000000000	3900000000
14610	70	416000000000	4200000000
14770	70	435000000000	4400000000
14940	80	456000000000	4700000000
15100	80	476000000000	4900000000
15270	80	497000000000	5200000000
15430	90	519000000000	5500000000
15600	90	541000000000	5800000000
15760	100	563000000000	6100000000
15920	100	586000000000	6400000000
16080	100	610000000000	6700000000
16250	110	634000000000	7000000000
16410	110	658000000000	7400000000
16570	120	684000000000	7700000000
16740	120	709000000000	8100000000
16900	130	735000000000	8500000000
17060	130	762000000000	8900000000
17220	140	789000000000	9400000000
17380	140	817000000000	9900000000
17540	150	846000000000	10400000000
17700	150	875000000000	11000000000
17870	160	904000000000	11600000000
18030	160	935000000000	12200000000
18190	170	965000000000	12900000000
18350	180	996000000000	13500000000
18510	180	1.028e+12	14000000000
18670	190	1.061e+12	15000000000
18830	200	1.094e+12	16000000000
19140	220	1.164e+12	19000000000
19290	220	1.199e+12	20000000000
19450	230	1.236e+12	21000000000
19600	240	1.273e+12	22000000000
19760	250	1.312e+12	23000000000
19910	260	1.35e+12	25000000000
20000	270	1.374e+12	26000000000
