# Manual transcription of Smith et al. (2018) Supplementary Table 1a.
# Original reported units retained. Columns: P, sigma_P, rho, sigma_rho.
P[GPa]	dP[GPa]	rho[g/cm^3]	drho[g/cm^3]
57.8	0	10.18	0
66.2	0.2	10.36	0.01
75.3	0.3	10.54	0.01
84.7	0.4	10.72	0.01
94.6	0.5	10.9	0.01
104.7	0.6	11.07	0.01
115.2	0.7	11.25	0.01
126.1	0.8	11.42	0.02
137.3	0.9	11.6	0.02
149.1	1.0	11.77	0.02
161.3	1.2	11.94	0.02
173.9	1.3	12.11	0.02
187	1.5	12.28	0.03
201	1.6	12.45	0.03
215	1.8	12.62	0.03
229	1.9	12.79	0.04
244	2.1	12.95	0.04
259	2.3	13.12	0.04
275	2.5	13.29	0.04
291	2.7	13.45	0.05
307	2.8	13.62	0.05
324	3	13.78	0.05
342	3.3	13.95	0.06
360	3.5	14.11	0.06
378	3.7	14.28	0.06
397	3.9	14.44	0.07
416	4.2	14.61	0.07
435	4.4	14.77	0.07
456	4.7	14.94	0.08
476	4.9	15.1	0.08
497	5.2	15.27	0.08
519	5.5	15.43	0.09
541	5.8	15.6	0.09
563	6.1	15.76	0.1
586	6.4	15.92	0.1
610	6.7	16.08	0.1
634	7	16.25	0.11
658	7.4	16.41	0.11
684	7.7	16.57	0.12
709	8.1	16.74	0.12
735	8.5	16.9	0.13
762	8.9	17.06	0.13
789	9.4	17.22	0.14
817	9.9	17.38	0.14
846	10.4	17.54	0.15
875	11	17.7	0.15
904	11.6	17.87	0.16
935	12.2	18.03	0.16
965	12.9	18.19	0.17
996	13.5	18.35	0.18
1028	14	18.51	0.18
1061	15	18.67	0.19
1094	16	18.83	0.2
1164	19	19.14	0.22
1199	20	19.29	0.22
1236	21	19.45	0.23
1273	22	19.6	0.24
1312	23	19.76	0.25
1350	25	19.91	0.26
1374	26	20	0.27
